1.000000000000000021e-08
5.272631578947369207e-06
1.053526315789473851e-05
1.579789473684210951e-05
2.106052631578947881e-05
2.632315789473684811e-05
3.158578947368421741e-05
3.684842105263158672e-05
4.211105263157895602e-05
4.737368421052632532e-05
5.263631578947369462e-05
5.789894736842106393e-05
6.316157894736842645e-05
6.842421052631578898e-05
7.368684210526316506e-05
7.894947368421054113e-05
8.421210526315790366e-05
8.947473684210526619e-05
9.473736842105264227e-05
1.000000000000000048e-04
