5.000000000000000000e+02
1.510204081632653015e+03
2.520408163265306030e+03
3.530612244897959044e+03
4.540816326530612059e+03
5.551020408163265529e+03
6.561224489795918089e+03
7.571428571428570649e+03
8.581632653061224119e+03
9.591836734693877588e+03
1.060204081632653106e+04
1.161224489795918271e+04
1.262244897959183618e+04
1.363265306122448965e+04
1.464285714285714130e+04
1.565306122448979477e+04
1.666326530612244824e+04
1.767346938775509989e+04
1.868367346938775518e+04
1.969387755102040683e+04
2.070408163265306212e+04
2.171428571428571377e+04
2.272448979591836542e+04
2.373469387755102071e+04
2.474489795918367236e+04
2.575510204081632401e+04
2.676530612244897929e+04
2.777551020408163095e+04
2.878571428571428260e+04
2.979591836734693788e+04
3.080612244897958954e+04
3.181632653061224482e+04
3.282653061224489647e+04
3.383673469387755176e+04
3.484693877551019978e+04
3.585714285714285506e+04
3.686734693877551035e+04
3.787755102040815837e+04
3.888775510204081365e+04
3.989795918367346894e+04
4.090816326530612423e+04
4.191836734693877224e+04
4.292857142857142753e+04
4.393877551020408282e+04
4.494897959183673083e+04
4.595918367346938612e+04
4.696938775510204141e+04
4.797959183673468942e+04
4.898979591836734471e+04
5.000000000000000000e+04
