7.666873056725360492e-10
7.666799067492207201e-10
7.666092402054802755e-10
7.666830536082287548e-10
7.665922531212450978e-10
7.664261220799729401e-10
7.659158293172878384e-10
7.634481084831561482e-10
7.526623439497661723e-10
7.073315934015732950e-10
1.279084804539876745e-09
1.279066290685890746e-09
1.279086199188162558e-09
1.279031280894809030e-09
1.278965366950282515e-09
1.278680800815413162e-09
1.277581437236216539e-09
1.273145301922060078e-09
1.254442690148051942e-09
1.177545803511615831e-09
2.133765772039028893e-09
2.133715583534076752e-09
2.133708975657033025e-09
2.133626111530143972e-09
2.133526922037289708e-09
2.132821991704097999e-09
2.130261406597196010e-09
2.121867408696740628e-09
2.088734329756684138e-09
1.958315205344218760e-09
3.557757125825944639e-09
3.557685234854199818e-09
3.557545176548955767e-09
3.557262143817787801e-09
3.556571424625836733e-09
3.554767934231892617e-09
3.549686138511629255e-09
3.533154654794307582e-09
3.472825953863413889e-09
3.243649118042156001e-09
5.926705445146160720e-09
5.926530438653896834e-09
5.926192643455819936e-09
5.925353519522993045e-09
5.923404287509319802e-09
5.918842092313831184e-09
5.907225356048813905e-09
5.872583572183389530e-09
5.757795393961800206e-09
5.352742902873965377e-09
9.849233530452709873e-09
9.848700928907224436e-09
9.847612532412262126e-09
9.845369643236540539e-09
9.840281186665930654e-09
9.828399415766926373e-09
9.799927099260315239e-09
9.723600902586985945e-09
9.495501444362138967e-09
8.764987268987516850e-09
1.626080828147030982e-08
1.625949626345229974e-08
1.625647598953275691e-08
1.625048689111028462e-08
1.623666720077343855e-08
1.620517343237135349e-08
1.613450975800679759e-08
1.596056217968844691e-08
1.548645059794821344e-08
1.412457578181501775e-08
2.637778809976817103e-08
2.637453397690494519e-08
2.636678378382709142e-08
2.635091218607814727e-08
2.631619811431356722e-08
2.623748723557770493e-08
2.606305709704808011e-08
2.565348162891288019e-08
2.465136509278120382e-08
2.214382688915212419e-08
4.089248478818512339e-08
4.088502499964616177e-08
4.086562726720713807e-08
4.082660241125951422e-08
4.074091785375826048e-08
4.056197857230476818e-08
4.016176148725675424e-08
3.925673326151929462e-08
3.728637920763455505e-08
3.279183182152236875e-08
5.718408909660511644e-08
5.716967257485249170e-08
5.713648246402446546e-08
5.705759676105840568e-08
5.689414629420909888e-08
5.654588154490255576e-08
5.579501009908099828e-08
5.418679115588534657e-08
5.077876362085287089e-08
4.391942665472828572e-08
