1.451010847059500911e-06
1.450966251559920153e-06
1.450843788296049202e-06
1.450589722615053405e-06
1.449999624458101676e-06
1.448607412442336257e-06
1.445081463054154343e-06
1.435488451726342602e-06
1.405102528189527183e-06
1.301829245896726113e-06
4.241809735426803003e-06
4.241209706866101774e-06
4.240322496608074103e-06
4.238154373011920199e-06
4.233441099188735139e-06
4.222785689371264396e-06
4.197946556053171620e-06
4.140653625466650598e-06
3.993237471535240357e-06
3.609869923016992543e-06
1.028286105427868889e-05
1.027924204486592711e-05
1.027327113154803620e-05
1.026079546417746668e-05
1.023298406568935460e-05
1.017368210351464756e-05
1.004391106398935364e-05
9.764907784956219474e-06
9.170642799105635864e-06
7.950218076828608767e-06
1.168462988177594590e-05
1.168022458506740956e-05
1.167426928242635608e-05
1.165855961401032607e-05
1.162561302240820904e-05
1.155540044383163681e-05
1.140803608911812195e-05
1.109794609128594529e-05
1.047340065861462745e-05
9.284237787231314472e-06
6.605552666352852692e-06
6.604708821403678298e-06
6.602766405468146341e-06
6.599406726892553259e-06
6.591568576183375074e-06
6.575133442265510022e-06
6.540157807373445411e-06
6.463680370454271597e-06
6.307158465389384370e-06
5.986699183768177463e-06
2.391133925599480787e-06
2.390989569185036699e-06
2.390674935135544397e-06
2.389999802006549586e-06
2.388548941510469971e-06
2.385471360741175159e-06
2.378053376075929311e-06
2.364318053723301884e-06
2.334055836237136733e-06
2.269857733162336783e-06
3.163455332806815122e-07
3.163377192882335295e-07
3.163095369906153178e-07
3.162648716664699167e-07
3.161662801398977716e-07
3.159212141150090706e-07
3.154455796461621403e-07
3.143538783680995990e-07
3.121122654286744983e-07
3.071060767908668360e-07
2.290649616723958078e-08
2.290604038593344932e-08
2.290505847052276978e-08
2.290294316236065676e-08
2.289838662933504237e-08
2.288857340654575847e-08
2.286744783268401964e-08
2.282201045060822425e-08
2.272446889618210266e-08
2.251593077552488938e-08
2.256389828038774381e-09
2.257007913986304803e-09
2.255920114199191143e-09
2.256734915944442147e-09
2.256209389048582215e-09
2.255610980273209125e-09
2.254174188449579534e-09
2.250539808529093525e-09
2.242740388973649942e-09
2.226753673838192902e-09
2.826879809617235866e-10
2.826798602894199464e-10
2.826623652907407743e-10
2.826246744479666908e-10
2.825434812557196558e-10
2.823685924524214128e-10
2.819919797602339505e-10
2.811779144889937415e-10
2.794381559056806420e-10
2.760965354628231447e-10
