4.427556341470279142e-06
4.426440122548110093e-06
4.423870332804161712e-06
4.417762499315246916e-06
4.405107123275353553e-06
4.378142248540588712e-06
4.320004999454613766e-06
4.195486447302703707e-06
3.931615252307628422e-06
3.400521702293498232e-06
5.124210222568031328e-06
5.122450849703690815e-06
5.119087506282809935e-06
5.111579360449350969e-06
5.095130230575322041e-06
5.060320727287554109e-06
4.985506800261036131e-06
4.828271646880318653e-06
4.509505324990953186e-06
3.901827252106117800e-06
4.725480916585384179e-06
4.723984394199869213e-06
4.721123730203323374e-06
4.715147368334900582e-06
4.702299542649043330e-06
4.674386227609819460e-06
4.615467801900505806e-06
4.492881425374856617e-06
4.241906302362738667e-06
3.767270705586578628e-06
3.731208122450283967e-06
3.730576007089361353e-06
3.729171174892821488e-06
3.725946823549549787e-06
3.718802148421485749e-06
3.703447131893482918e-06
3.670428461364423062e-06
3.603737614184749508e-06
3.463083687452689286e-06
3.189599114452972351e-06
2.782578522070382996e-06
2.782303889213487506e-06
2.781559884754673252e-06
2.779957112071654672e-06
2.776570055369602537e-06
2.769331396375188021e-06
2.753982670283806269e-06
2.720899361847951743e-06
2.652310228739891159e-06
2.512455842830283921e-06
1.942872933862597209e-06
1.942686366875974303e-06
1.942307037727178664e-06
1.941527864498197492e-06
1.940998827899556835e-06
1.936761674692520079e-06
1.929064388199277920e-06
1.913669578022587788e-06
1.879075619921083431e-06
1.808273886812848649e-06
1.152845739841859063e-06
1.152792403266111146e-06
1.152622775184063557e-06
1.152280199457054557e-06
1.151523834558162487e-06
1.149916190926391318e-06
1.146535631627059896e-06
1.139298490025640183e-06
1.123786065571580903e-06
1.091052842694116241e-06
5.436574095598445838e-07
5.436303061109680954e-07
5.435719270555646120e-07
5.432733878933864791e-07
5.429833142353882986e-07
5.424911649821375839e-07
5.412311508539294092e-07
5.385362274141861164e-07
5.327454287164848820e-07
5.208272880614345005e-07
2.032409918955419223e-07
2.032316369628460741e-07
2.032211550643180938e-07
2.031836903357525464e-07
2.031033308613809657e-07
2.029406476726931656e-07
2.025801367549442616e-07
2.015893747679301545e-07
1.999301578778034619e-07
1.964088885302311497e-07
6.325855047300649746e-08
6.325668616634633327e-08
6.325266984782154258e-08
6.324399496228890416e-08
6.322541482607351896e-08
6.318526086772655425e-08
6.309889271050308807e-08
6.290600323071596434e-08
6.251857300122969834e-08
6.167289191121374615e-08
