1.000000000000000021e-08
1.118367346938775571e-07
2.136734693877551306e-07
3.155102040816326909e-07
4.173469387755102511e-07
5.191836734693878643e-07
6.210204081632653716e-07
7.228571428571428789e-07
8.246938775510204921e-07
9.265306122448981052e-07
1.028367346938775613e-06
1.130204081632653014e-06
1.232040816326530627e-06
1.333877551020408240e-06
1.435714285714285642e-06
1.537551020408163255e-06
1.639387755102040868e-06
1.741224489795918481e-06
1.843061224489796094e-06
1.944897959183673708e-06
2.046734693877551321e-06
2.148571428571428511e-06
2.250408163265306124e-06
2.352244897959183737e-06
2.454081632653061350e-06
2.555918367346938963e-06
2.657755102040816576e-06
2.759591836734694190e-06
2.861428571428571379e-06
2.963265306122448992e-06
3.065102040816326606e-06
3.166938775510204219e-06
3.268775510204081832e-06
3.370612244897959445e-06
3.472448979591837058e-06
3.574285714285714672e-06
3.676122448979592285e-06
3.777959183673469474e-06
3.879795918367347511e-06
3.981632653061225124e-06
4.083469387755102737e-06
4.185306122448979504e-06
4.287142857142857117e-06
4.388979591836734730e-06
4.490816326530612343e-06
4.592653061224489956e-06
4.694489795918367569e-06
4.796326530612245183e-06
4.898163265306122796e-06
5.000000000000000409e-06
