2.007530948573145452e+03
2.018078961403411768e+03
2.026643216807578938e+03
2.033695950356075400e+03
2.045533895088910867e+03
2.104102261595669461e+03
2.195250065993952830e+03
2.348272805091209648e+03
2.517657373769378410e+03
2.542486028318498484e+03
2.481381788920542931e+03
2.491991622377935073e+03
2.494681792286623931e+03
2.503949123035357388e+03
2.491795508802001223e+03
2.509328879323640649e+03
2.532223249111526911e+03
2.555188094844186708e+03
2.551191578994600604e+03
2.408152703849605587e+03
2.311257963892458974e+03
2.307012797064975530e+03
2.303887777429608377e+03
2.306568195158896742e+03
2.312746537313174031e+03
2.296909466841547783e+03
2.272362159436451293e+03
2.228436141086326188e+03
2.121172242790399196e+03
1.914194787259182931e+03
1.270104872842393888e+03
1.269810139946198888e+03
1.268304332429054966e+03
1.267131363814896758e+03
1.265763683661985851e+03
1.262572825484263603e+03
1.253924865450761672e+03
1.240630662250772730e+03
1.205706512719382090e+03
1.141318743843281936e+03
7.315396319672787513e+02
7.314945202076055466e+02
7.315607988384009559e+02
7.315263071815065814e+02
7.313766137432796768e+02
7.309895001785612294e+02
7.301730764786775580e+02
7.281561131826678093e+02
7.244213097784323736e+02
7.165250035696401483e+02
4.624541028316220377e+02
4.623096309305140039e+02
4.624280137465739813e+02
4.623871311629053480e+02
4.622443422755299594e+02
4.620490784403775137e+02
4.615657959432295456e+02
4.608232636481018289e+02
4.591299459516907859e+02
4.553763360920330570e+02
1.422770418108522676e+02
1.422957308699999714e+02
1.422823034160869042e+02
1.422801022199566034e+02
1.422589900677530750e+02
1.421948141868129198e+02
1.420999127097313419e+02
1.418617902897107399e+02
1.414018786407976620e+02
1.402807348418138815e+02
2.266178825778007777e+01
2.266153087003961275e+01
2.266097635852541714e+01
2.265978175580673337e+01
2.265720832525257578e+01
2.265166525439274636e+01
2.263972872029475880e+01
2.261403952993263999e+01
2.255881379005337095e+01
2.244037174767152720e+01
4.477173573064737511e+00
4.478143179768257376e+00
4.476496045254998890e+00
4.477837925866642976e+00
4.477192220528243283e+00
4.476617261813548687e+00
4.475153917611530474e+00
4.471171749320813404e+00
4.462639222785252713e+00
4.445413438999957556e+00
1.552460704393348712e+00
1.552446802502455592e+00
1.552416852301406358e+00
1.552352326809584904e+00
1.552213320880188041e+00
1.551913875939685994e+00
1.551268907791032214e+00
1.549873486389987010e+00
1.546890523583627441e+00
1.541243156807098336e+00
