2.232520877431211829e+03
2.234147247793086080e+03
2.231731911475540528e+03
2.228156612084800599e+03
2.222013357883436584e+03
2.214291171145061071e+03
2.194491136984066998e+03
2.144164163483004813e+03
2.047616379987643541e+03
1.846007205617201635e+03
1.729208378474388610e+03
1.728134950621782536e+03
1.727358753984779469e+03
1.727118936211572645e+03
1.728584473785140290e+03
1.717736896013548630e+03
1.705900108094142070e+03
1.666144365958567278e+03
1.595131518702758058e+03
1.469179112355089273e+03
1.248152625424149619e+03
1.248586757751686946e+03
1.249787921075293525e+03
1.249924692248941028e+03
1.245697135952825874e+03
1.242444886353096081e+03
1.236216396520424269e+03
1.221943702569144534e+03
1.188945958120244768e+03
1.127418079191725383e+03
9.248010186620383593e+02
9.241604763510284783e+02
9.242813419690559158e+02
9.239687459500258910e+02
9.233401532924596040e+02
9.221302513492032631e+02
9.191118600308064970e+02
9.138012525889258768e+02
9.019451201791399626e+02
8.792414577164972798e+02
7.448001275598714983e+02
7.448130439789886168e+02
7.449739387700705038e+02
7.447006959398082699e+02
7.443198981384558692e+02
7.440575297973240367e+02
7.428965782844838941e+02
7.408688252589116701e+02
7.370641769988617398e+02
7.284031989001917964e+02
6.292213449782173029e+02
6.293262604813062353e+02
6.291965422930971954e+02
6.292882567175342956e+02
6.288978376378925077e+02
6.289581097348130925e+02
6.284623372029153643e+02
6.277964209441195180e+02
6.254191421245236597e+02
6.204415514156906966e+02
5.006233213937628079e+02
5.007060079575172722e+02
5.006801292522403628e+02
5.006192201372575710e+02
5.005124692872402079e+02
5.003238155036596595e+02
4.999239066574068602e+02
4.991094467769123639e+02
4.973090276136767898e+02
4.933415099039901293e+02
3.416987664575956956e+02
3.416926646117794348e+02
3.416795273098976509e+02
3.414939084429412901e+02
3.414261352323019878e+02
3.413470250532804471e+02
3.410829149397500260e+02
3.404517468680885486e+02
3.390852490703937292e+02
3.363891802184978701e+02
1.907459071550730130e+02
1.907401374261621640e+02
1.907397350586421965e+02
1.907231009464945259e+02
1.906882958464732951e+02
1.906217357881230612e+02
1.904690365398633105e+02
1.899581321600429646e+02
1.892477399418771427e+02
1.877064936600354770e+02
8.803336463433528536e+01
8.803201700668854812e+01
8.802911373766296776e+01
8.802317022652616174e+01
8.801057686175323624e+01
8.798111721630466775e+01
8.791923666455997477e+01
8.777442686338805800e+01
8.749928838924041941e+01
8.688248590660700188e+01
