1.239564427343727630e+03
1.281231073034459087e+03
1.291831957371614862e+03
1.319007766325830971e+03
1.427877205913507396e+03
1.575352801537789674e+03
1.781354744982021430e+03
2.056902501286429924e+03
2.404407030099659551e+03
2.584910442994956611e+03
1.360379226888690710e+03
1.379897689788871048e+03
1.403485076196090176e+03
1.437501876763074279e+03
1.518565040192754850e+03
1.622426082440083519e+03
1.811050679260652942e+03
2.090028745832746154e+03
2.421129587477972109e+03
2.579919374380441695e+03
1.535667778945604596e+03
1.539045626639530155e+03
1.553336423943978161e+03
1.581981673188937975e+03
1.635236153669178975e+03
1.722232822017487024e+03
1.886434482849271717e+03
2.141032788371249808e+03
2.442919323445120881e+03
2.582902112145973661e+03
1.705185574832686825e+03
1.713591211188721900e+03
1.724808869691990139e+03
1.735432043829331860e+03
1.789141201461206037e+03
1.850795179075851138e+03
1.978578047525480770e+03
2.208260480862629265e+03
2.471162297963860055e+03
2.564578886628704822e+03
1.903006639753918080e+03
1.878281662391449572e+03
1.908093847649295185e+03
1.941188299049965281e+03
1.947976504907090202e+03
2.008502216627142388e+03
2.118606625711180641e+03
2.295932623926463748e+03
2.512842191390974676e+03
2.549864659002817007e+03
2.137081331539993243e+03
2.097340481792009541e+03
2.133492317865979658e+03
2.140663180762710908e+03
2.162858679879344891e+03
2.195411777207942578e+03
2.283314802527940174e+03
2.402388912364262978e+03
2.539277695337156274e+03
2.523577830590589201e+03
2.353369128613452176e+03
2.365056280398245235e+03
2.351055661525973846e+03
2.362799191064179013e+03
2.391400318571506887e+03
2.402024092793765249e+03
2.453767764101485227e+03
2.514161383637469953e+03
2.576322564129611692e+03
2.462856116968738206e+03
2.538543096700036585e+03
2.530450170742078626e+03
2.541505622062824386e+03
2.540058029222266669e+03
2.537285174426358481e+03
2.553272418090051815e+03
2.571240180701773170e+03
2.573338177826480660e+03
2.545167329981843068e+03
2.358674659395967410e+03
2.531868681192436270e+03
2.516565907826878174e+03
2.531044132957949842e+03
2.528143561799140116e+03
2.521997066814873506e+03
2.513455245903127434e+03
2.499276115964145902e+03
2.467923671981759071e+03
2.378474504499773957e+03
2.157234891955870353e+03
2.232520877429147276e+03
2.234147247792863254e+03
2.231731911471053081e+03
2.228156612087869689e+03
2.222013357887023176e+03
2.214291171148518970e+03
2.194491136975585960e+03
2.144164163479728813e+03
2.047616379983959405e+03
1.846007205609225366e+03
