% Module: Sweep, ID: c0p1t8p1cfm0
% Devices: DEV30370
% Time: 2025/11/21 14:18:39
% Demod 1 Sample X, /dev30370/demods/0/sample.X
% Frequency (Hz); Demod 1 Sample X  Amplitude (A)
% Demod 1 Sample Y, /dev30370/demods/0/sample.Y
% Frequency (Hz); Demod 1 Sample Y  Amplitude (A)
130000; 1.11743411173e-08
130056.0699251321; 1.125926797e-08
130112.1640336221; 1.13019917409e-08
130168.2823359; 1.13102351188e-08
130224.4248424011; 1.12414077543e-08
130280.591563565; 1.12504506921e-08
130336.7825098352; 1.13086222713e-08
130392.9976916604; 1.13508826945e-08
130449.2371194939; 1.13065866593e-08
130505.5008037925; 1.13703274838e-08
130561.7887550186; 1.13937819507e-08
130618.1009836388; 1.13778315861e-08
130674.4375001237; 1.14723847929e-08
130730.7983149491; 1.14590423782e-08
130787.183438595; 1.14290398905e-08
130843.5928815463; 1.13935409387e-08
130900.0266542915; 1.14264120707e-08
130956.4847673245; 1.15035415353e-08
131012.9672311437; 1.14903151591e-08
131069.4740562512; 1.1540928419e-08
131126.0052531545; 1.16128058742e-08
131182.5608323656; 1.15381487014e-08
131239.1408044002; 1.16073350908e-08
131295.7451797794; 1.16261323118e-08
131352.3739690287; 1.16681528164e-08
131409.0271826776; 1.16327832932e-08
131465.7048312608; 1.16201112909e-08
131522.4069253173; 1.16748661002e-08
131579.1334753903; 1.17177257981e-08
131635.884492028; 1.17540040339e-08
131692.6599857833; 1.1717349715e-08
131749.4599672129; 1.1786901834e-08
131806.2844468786; 1.18034216561e-08
131863.1334353471; 1.17982697644e-08
131920.0069431886; 1.18940752191e-08
131976.9049809788; 1.18913976498e-08
132033.8275592978; 1.18503167061e-08
132090.7746887297; 1.18976640504e-08
132147.7463798638; 1.19021514469e-08
132204.742643294; 1.19209439442e-08
132261.7634896179; 1.19555642443e-08
132318.8089294386; 1.20351317595e-08
132375.8789733635; 1.2049500856e-08
132432.9736320047; 1.20807741117e-08
132490.0929159782; 1.20441511472e-08
132547.2368359054; 1.21312151728e-08
132604.4054024122; 1.2159532482e-08
132661.5986261283; 1.21813344743e-08
132718.8165176887; 1.21568010205e-08
132776.0590877333; 1.22251602198e-08
132833.3263469054; 1.22250243803e-08
132890.618305854; 1.2285721831e-08
132947.9349752324; 1.2291931865e-08
133005.2763656979; 1.23254352257e-08
133062.6424879132; 1.22500907074e-08
133120.0333525455; 1.22968296981e-08
133177.4489702659; 1.23486012992e-08
133234.8893517508; 1.23804257359e-08
133292.3545076813; 1.24462907118e-08
133349.8444487423; 1.2438690922e-08
133407.3591856238; 1.24363182606e-08
133464.898729021; 1.24698557686e-08
133522.4630896325; 1.25139759871e-08
133580.0522781624; 1.25331469792e-08
133637.6663053193; 1.26097344354e-08
133695.3051818159; 1.25928510082e-08
133752.9689183701; 1.26126854457e-08
133810.6575257046; 1.26226915882e-08
133868.3710145456; 1.26578914244e-08
133926.1093956251; 1.26875873109e-08
133983.8726796792; 1.26790722728e-08
134041.6608774491; 1.27127465888e-08
134099.4739996796; 1.27440692253e-08
134157.3120571212; 1.27067014054e-08
134215.1750605289; 1.27416820302e-08
134273.0630206614; 1.27993188367e-08
134330.9759482831; 1.27931288099e-08
134388.9138541628; 1.28041163647e-08
134446.8767490734; 1.27884787246e-08
134504.8646437931; 1.28126167567e-08
134562.8775491047; 1.28263610164e-08
134620.9154757949; 1.28592194393e-08
134678.9784346559; 1.29292398609e-08
134737.0664364846; 1.29553135936e-08
134795.1794920815; 1.29926164992e-08
134853.3176122529; 1.3084569504e-08
134911.4808078095; 1.29847646253e-08
134969.669089566; 1.30529277446e-08
135027.8824683425; 1.3056805794e-08
135086.1209549639; 1.30511398366e-08
135144.3845602587; 1.30733251788e-08
135202.673295061; 1.30692949566e-08
135260.9871702098; 1.311185104e-08
135319.3261965476; 1.31316854588e-08
135377.6903849227; 1.32463917699e-08
135436.0797461878; 1.32723043635e-08
135494.4942911997; 1.31980894563e-08
135552.9340308206; 1.32993810967e-08
135611.398975917; 1.33147380163e-08
135669.8891373606; 1.33214519937e-08
135728.4045260267; 1.33383699556e-08
135786.9451527965; 1.33106889116e-08
135845.5110285554; 1.33385791385e-08
135904.102164193; 1.33331430023e-08
135962.7185706044; 1.33514221149e-08
136021.3602586893; 1.33621844973e-08
136080.0272393514; 1.34074905123e-08
136138.7195234996; 1.34075025342e-08
136197.437122048; 1.33984321785e-08
136256.1800459142; 1.34085462053e-08
136314.9483060215; 1.34329682944e-08
136373.7419132979; 1.34884152105e-08
136432.5608786753; 1.34651703013e-08
136491.4052130909; 1.35189104569e-08
136550.2749274871; 1.35529926101e-08
136609.1700328097; 1.36225999646e-08
136668.0905400104; 1.36176616171e-08
136727.0364600454; 1.36581666738e-08
136786.007803875; 1.36505407659e-08
136845.0045824648; 1.35837555117e-08
136904.0268067853; 1.3620749673e-08
136963.0744878109; 1.36390494552e-08
137022.1476365215; 1.36882856748e-08
137081.2462639019; 1.37292429383e-08
137140.3703809405; 1.36947657508e-08
137199.5199986316; 1.37456399613e-08
137258.6951279737; 1.38045421373e-08
137317.8957799705; 1.38087982192e-08
137377.1219656295; 1.39090534615e-08
137436.3736959638; 1.38874115087e-08
137495.6509819915; 1.39524019379e-08
137554.9538347341; 1.39447885642e-08
137614.2822652191; 1.39312888157e-08
137673.6362844787; 1.40701781659e-08
137733.0159035489; 1.41040168202e-08
137792.4211334713; 1.40812263299e-08
137851.8519852925; 1.3974055719e-08
137911.3084700627; 1.41686759673e-08
137970.7905988379; 1.42257748268e-08
138030.2983826789; 1.40864948911e-08
138089.8318326501; 1.41759754293e-08
138149.3909598221; 1.41934467466e-08
138208.9757752697; 1.42082113898e-08
138268.586290072; 1.42819461473e-08
138328.2225153135; 1.42807962602e-08
138387.8844620836; 1.43511655594e-08
138447.5721414757; 1.42974803895e-08
138507.2855645886; 1.43050923823e-08
138567.0247425262; 1.44510526917e-08
138626.789686396; 1.44986902039e-08
138686.5804073115; 1.44895270725e-08
138746.3969163907; 1.4493105694e-08
138806.2392247556; 1.45538583678e-08
138866.107343534; 1.45523161706e-08
138926.0012838581; 1.45562477749e-08
138985.9210568651; 1.45756356915e-08
139045.8666736964; 1.4626650834e-08
139105.8381454988; 1.45786563775e-08
139165.835483424; 1.46195538691e-08
139225.8586986279; 1.46044850804e-08
139285.9078022715; 1.46360654747e-08
139345.9828055212; 1.46925392287e-08
139406.083719547; 1.48248342828e-08
139466.2105555247; 1.47537380172e-08
139526.363324635; 1.47967542679e-08
139586.5420380623; 1.49550809282e-08
139646.746706997; 1.5008546743e-08
139706.9773426342; 1.50010253577e-08
139767.2339561728; 1.50258856761e-08
139827.5165588177; 1.50334347416e-08
139887.8251617784; 1.51164932074e-08
139948.1597762684; 1.51008219823e-08
140008.520413507; 1.51107195469e-08
140068.9070847183; 1.51288992729e-08
140129.3198011304; 1.51736201533e-08
140189.758573977; 1.5271265971e-08
140250.2234144966; 1.52625644878e-08
140310.714333932; 1.53241282997e-08
140371.2313435314; 1.54317673007e-08
140431.7744545481; 1.54518816714e-08
140492.343678239; 1.54055884767e-08
140552.9390258672; 1.55289365617e-08
140613.5605087; 1.55144990706e-08
140674.2081380101; 1.55522945975e-08
140734.881925074; 1.55461764333e-08
140795.581881174; 1.56155904383e-08
140856.3080175974; 1.55672699419e-08
140917.0603456352; 1.55608779366e-08
140977.8388765845; 1.56046173484e-08
141038.643621747; 1.55871497988e-08
141099.4745924285; 1.56815728334e-08
141160.3317999405; 1.57164526658e-08
141221.2152555996; 1.57487100457e-08
141282.124970726; 1.57812165292e-08
141343.060956646; 1.5853391738e-08
141404.0232246907; 1.58997957474e-08
141465.0117861951; 1.5899134089e-08
141526.0266525001; 1.60163565491e-08
141587.0678349515; 1.60286486694e-08
141648.135344899; 1.59791037492e-08
141709.229193698; 1.60903831805e-08
141770.3493927092; 1.61016853343e-08
141831.4959532968; 1.62346088242e-08
141892.6688868311; 1.62922169257e-08
141953.8682046873; 1.62210627065e-08
142015.0939182446; 1.6248310845e-08
142076.3460388878; 1.62824342124e-08
142137.6245780068; 1.63054375222e-08
142198.9295469955; 1.64474619722e-08
142260.2609572536; 1.64433141057e-08
142321.6188201854; 1.64799052411e-08
142383.0031472004; 1.65324983588e-08
142444.4139497123; 1.65259645218e-08
142505.8512391403; 1.65528408949e-08
142567.3150269087; 1.65364057006e-08
142628.8053244459; 1.66292897747e-08
142690.3221431859; 1.66865164008e-08
142751.865494568; 1.67503450336e-08
142813.4353900352; 1.67727106725e-08
142875.0318410365; 1.68658984985e-08
142936.6548590258; 1.68919405519e-08
142998.3044554609; 1.69263171282e-08
143059.9806418057; 1.70046054713e-08
143121.6834295289; 1.69830492273e-08
143183.4128301032; 1.70000683565e-08
143245.1688550074; 1.70218060531e-08
143306.9515157248; 1.70957171834e-08
143368.7608237431; 1.72360661274e-08
143430.5967905559; 1.72299149342e-08
143492.4594276615; 1.7206151248e-08
143554.3487465624; 1.72881703728e-08
143616.264758767; 1.73270914307e-08
143678.2074757886; 1.73596665027e-08
143740.1769091445; 1.74025230388e-08
143802.1730703581; 1.74321806291e-08
143864.1959709574; 1.75362915955e-08
143926.2456224749; 1.75558413199e-08
143988.3220364486; 1.75913861223e-08
144050.4252244215; 1.75331273095e-08
144112.5551979415; 1.76162713467e-08
144174.7119685611; 1.76346206847e-08
144236.895547838; 1.77050246374e-08
144299.1059473356; 1.77173481244e-08
144361.3431786209; 1.78723960787e-08
144423.6072532669; 1.7848480351e-08
144485.8981828517; 1.78443955618e-08
144548.2159789575; 1.78982994434e-08
144610.5606531722; 1.79362390577e-08
144672.9322170888; 1.7961853929e-08
144735.3306823045; 1.80250084441e-08
144797.7560604223; 1.80730484138e-08
144860.2083630503; 1.81539591656e-08
144922.6876018005; 1.81572364157e-08
144985.193788291; 1.81259181468e-08
145047.7269341449; 1.82479265254e-08
145110.2870509892; 1.83862392888e-08
145172.8741504572; 1.82524520058e-08
145235.4882441869; 1.83090116124e-08
145298.1293438204; 1.82461363868e-08
145360.7974610061; 1.82582228858e-08
145423.4926073969; 1.83560484691e-08
145486.2147946503; 1.86096617321e-08
145548.9640344293; 1.85733844648e-08
145611.7403384024; 1.86084341652e-08
145674.5437182417; 1.87141665768e-08
145737.3741856258; 1.86603960979e-08
145800.2317522375; 1.86938256278e-08
145863.1164297654; 1.87700750348e-08
145926.0282299018; 1.87754304108e-08
145988.9671643454; 1.87560037043e-08
146051.9332447996; 1.87690320135e-08
146114.9264829721; 1.88056603078e-08
146177.9468905765; 1.87650990783e-08
146240.9944793315; 1.89359233052e-08
146304.0692609599; 1.88365095306e-08
146367.1712471904; 1.89856105133e-08
146430.3004497571; 1.89686931013e-08
146493.4568803977; 1.89931508249e-08
146556.6405508562; 1.91390692264e-08
146619.8514728818; 1.91744838129e-08
146683.0896582276; 1.92489604641e-08
146746.3551186528; 1.91247567277e-08
146809.6478659216; 1.92106252094e-08
146872.9679118023; 1.92533636639e-08
146936.3152680695; 1.92573315087e-08
146999.6899465026; 1.92301386246e-08
147063.0919588851; 1.9382872752e-08
147126.5213170068; 1.93630068414e-08
147189.9780326624; 1.93506415403e-08
147253.4621176507; 1.94532246307e-08
147316.9735837766; 1.94583360643e-08
147380.5124428501; 1.95551068293e-08
147444.0787066854; 1.95796343222e-08
147507.6723871027; 1.95884458454e-08
147571.2934959269; 1.96117833804e-08
147634.9420449884; 1.9641446188e-08
147698.6180461217; 1.97220120987e-08
147762.3215111675; 1.97160693448e-08
147826.0524519714; 1.97109103112e-08
147889.8108803833; 1.97394492999e-08
147953.5968082591; 1.98939991218e-08
148017.4102474598; 1.97481356559e-08
148081.2512098506; 1.97507637881e-08
148145.1197073029; 1.97578266431e-08
148209.0157516929; 1.98345654097e-08
148272.9393549013; 1.98666811454e-08
148336.8905288147; 1.98777111391e-08
148400.8692853247; 2.0012279868e-08
148464.8756363275; 2.00776747541e-08
148528.9095937249; 2.00921225113e-08
148592.9711694241; 2.00751667717e-08
148657.0603753366; 2.01431621723e-08
148721.1772233796; 2.00570157944e-08
148785.3217254757; 2.00857487137e-08
148849.4938935518; 2.01245882617e-08
148913.6937395407; 2.01593369159e-08
148977.9212753803; 2.01786515767e-08
149042.1765130129; 2.00781267485e-08
149106.4594643868; 2.01360584842e-08
149170.7701414553; 2.02208331704e-08
149235.1085561762; 2.02342192861e-08
149299.4747205132; 2.0218971338e-08
149363.868646435; 2.02875247803e-08
149428.2903459156; 2.02718701884e-08
149492.7398309333; 2.03014925879e-08
149557.2171134726; 2.02784877097e-08
149621.7222055229; 2.03299563587e-08
149686.2551190782; 2.034154585e-08
149750.8158661384; 2.02821589945e-08
149815.4044587085; 2.02967610051e-08
149880.0209087979; 2.01788521118e-08
149944.6652284221; 2.00829641411e-08
150009.3374296017; 2.01127762161e-08
150074.0375243616; 2.01664025826e-08
150138.7655247327; 2.01575517447e-08
150203.5214427514; 2.02631591139e-08
150268.3052904581; 2.02264160058e-08
150333.1170798992; 2.02225202672e-08
150397.9568231267; 2.02720450552e-08
150462.8245321966; 2.02460030642e-08
150527.720219171; 2.03043587017e-08
150592.6438961174; 2.0294714171e-08
150657.5955751073; 2.02474328095e-08
150722.5752682186; 2.0309144514e-08
150787.5829875342; 2.02506872843e-08
150852.6187451415; 2.01341740327e-08
150917.682553134; 2.01602290141e-08
150982.7744236097; 2.02364987907e-08
151047.8943686728; 2.02815015974e-08
151113.0424004313; 2.03675088679e-08
151178.2185309995; 2.0362029568e-08
151243.4227724969; 2.04665525017e-08
151308.6551370474; 2.04664206612e-08
151373.915636781; 2.06046073512e-08
151439.2042838328; 2.05548284608e-08
151504.5210903424; 2.05809751307e-08
151569.8660684555; 2.05818979334e-08
151635.239230323; 2.07870986117e-08
151700.6405881001; 2.08341916349e-08
151766.0701539482; 2.09227706711e-08
151831.527940034; 2.08681630795e-08
151897.0139585285; 2.08874277659e-08
151962.5282216087; 2.09522114805e-08
152028.0707414572; 2.10280201838e-08
152093.6415302606; 2.1034055551e-08
152159.2406002118; 2.10323508962e-08
152224.867963509; 2.12206430039e-08
152290.5236323548; 2.12238735662e-08
152356.2076189577; 2.12781557053e-08
152421.9199355319; 2.13679212252e-08
152487.6605942954; 2.13941341028e-08
152553.429607473; 2.14733213174e-08
152619.2269872943; 2.16550990017e-08
152685.0527459934; 2.16552238628e-08
152750.9068958107; 2.17153389969e-08
152816.7894489917; 2.17883286491e-08
152882.7004177865; 2.19051422848e-08
152948.6398144512; 2.19875066256e-08
153014.6076512469; 2.20415678474e-08
153080.6039404404; 2.21000281012e-08
153146.6286943028; 2.22327901458e-08
153212.6819251113; 2.2336056664e-08
153278.7636451487; 2.23089443714e-08
153344.8738667019; 2.23645731961e-08
153411.0126020641; 2.22615900351e-08
153477.1798635338; 2.24025895966e-08
153543.375663414; 2.24015744993e-08
153609.6000140138; 2.24979565409e-08
153675.8529276475; 2.24664117436e-08
153742.1344166341; 2.26031758115e-08
153808.4444932986; 2.25088378422e-08
153874.7831699713; 2.25498703048e-08
153941.150458987; 2.25592688935e-08
154007.5463726868; 2.26081638647e-08
154073.970923417; 2.2613237908e-08
154140.4241235284; 2.25241941495e-08
154206.9059853778; 2.25335166455e-08
154273.4165213277; 2.26428968042e-08
154339.9557437447; 2.25949695989e-08
154406.5236650018; 2.26158369666e-08
154473.1202974775; 2.26744659452e-08
154539.7456535544; 2.25967883488e-08
154606.3997456214; 2.26030385473e-08
154673.0825860727; 2.25234349229e-08
154739.794187308; 2.24602393934e-08
154806.5345617313; 2.24205815405e-08
154873.303721753; 2.24439865953e-08
154940.1016797889; 2.24415942765e-08
155006.9284482592; 2.23317546815e-08
155073.7840395903; 2.23266536578e-08
155140.668466214; 2.23163787418e-08
155207.5817405666; 2.22985621459e-08
155274.5238750905; 2.2189065174e-08
155341.4948822338; 2.21170400011e-08
155408.4947744488; 2.22063466472e-08
155475.5235641941; 2.21124576731e-08
155542.5812639337; 2.1994460028e-08
155609.6678861361; 2.19782563982e-08
155676.783443276; 2.18962851984e-08
155743.9279478338; 2.19337642581e-08
155811.1014122938; 2.18813336541e-08
155878.3038491471; 2.17950888645e-08
155945.5352708899; 2.18012443065e-08
156012.7956900231; 2.1746772517e-08
156080.0851190537; 2.16798146642e-08
156147.4035704942; 2.16631049416e-08
156214.7510568616; 2.15948189545e-08
156282.1275906791; 2.15067278408e-08
156349.5331844754; 2.14382392441e-08
156416.9678507838; 2.1435053645e-08
156484.4316021436; 2.13125674661e-08
156551.9244510994; 2.11658449558e-08
156619.4464102016; 2.10991384873e-08
156686.997492005; 2.11162713306e-08
156754.5777090707; 2.09869279555e-08
156822.1870739653; 2.09827832257e-08
156889.8255992597; 2.09334987062e-08
156957.4932975315; 2.07939734533e-08
157025.1901813634; 2.06824963674e-08
157092.9162633427; 2.05711562019e-08
157160.6715560631; 2.0390298446e-08
157228.4560721238; 2.03794326282e-08
157296.2698241284; 2.01713572196e-08
157364.1128246867; 2.01039843502e-08
157431.9850864144; 2.00441902635e-08
157499.8866219311; 1.98631472498e-08
157567.8174438634; 1.97537327e-08
157635.7775648429; 1.96827023548e-08
157703.7669975059; 1.94188897498e-08
157771.7857544951; 1.92853736022e-08
157839.8338484585; 1.91865930622e-08
157907.9112920488; 1.90612422254e-08
157976.0180979249; 1.89071694351e-08
158044.1542787514; 1.87640226533e-08
158112.3198471973; 1.86723874342e-08
158180.514815938; 1.85150850626e-08
158248.7391976543; 1.83610190956e-08
158316.9930050316; 1.82203005232e-08
158385.2762507617; 1.80731543611e-08
158453.5889475417; 1.78867918494e-08
158521.9311080743; 1.76086162464e-08
158590.3027450667; 1.75263639388e-08
158658.7038712327; 1.73869834356e-08
158727.1344992915; 1.72057188235e-08
158795.5946419669; 1.70662839845e-08
158864.084311989; 1.68390245373e-08
158932.6035220935; 1.66611316444e-08
159001.1522850206; 1.64748981365e-08
159069.7306135169; 1.65548973202e-08
159138.3385203347; 1.64034452391e-08
159206.9760182307; 1.59784458898e-08
159275.6431199679; 1.5682081538e-08
159344.3398383151; 1.54231927843e-08
159413.0661860455; 1.52374638509e-08
159481.8221759387; 1.50404826693e-08
159550.60782078; 1.48401009135e-08
159619.4231333591; 1.46331714682e-08
159688.2681264722; 1.43764074282e-08
159757.1428129211; 1.42836084944e-08
159826.0472055121; 1.40156954918e-08
159894.9813170579; 1.38556262367e-08
159963.945160377; 1.3614446507e-08
160032.9387482921; 1.34160409475e-08
160101.9620936327; 1.32344772073e-08
160171.0152092337; 1.29816674531e-08
160240.0981079344; 1.2755203648e-08
160309.2108025811; 1.24767161952e-08
160378.3533060247; 1.22590280353e-08
160447.5256311225; 1.19771579473e-08
160516.727790736; 1.17557638492e-08
160585.9597977334; 1.15039799833e-08
160655.2216649885; 1.12665469936e-08
160724.5134053795; 1.10758614237e-08
160793.8350317912; 1.08027104456e-08
160863.186557114; 1.06141772635e-08
160932.5679942429; 1.00690076428e-08
161001.9793560794; 1.00594367929e-08
161071.4206555305; 9.76861015085e-09
161140.8919055079; 9.63624578989e-09
161210.3931189299; 9.29000206153e-09
161279.9243087201; 8.97210535329e-09
161349.4854878069; 8.59728473985e-09
161419.0766691253; 8.39786934414e-09
161488.6978656158; 8.06503403819e-09
161558.3490902234; 7.98427363463e-09
161628.0303558999; 7.67102518716e-09
161697.7416756025; 7.43418983512e-09
161767.4830622931; 7.0385361325e-09
161837.25452894; 6.75232370387e-09
161907.0560885173; 6.42513073652e-09
161976.8877540037; 6.12524469224e-09
162046.7495383844; 5.71665138849e-09
162116.6414546501; 6.01297856868e-09
162186.5635157964; 5.73563507953e-09
162256.5157348253; 5.43840992766e-09
162326.498124744; 5.09415817895e-09
162396.5106985659; 4.94320701079e-09
162466.5534693088; 4.09421680485e-09
162536.6264499971; 3.74300431194e-09
162606.729653661; 3.4271759884e-09
162676.8630933352; 3.38001831954e-09
162747.026782061; 3.17695283356e-09
162817.2207328854; 2.63201372139e-09
162887.44495886; 2.43136862815e-09
162957.699473043; 2.2050193994e-09
163027.9842884983; 1.21431221937e-09
163098.2994182943; 9.3831758412e-10
163168.6448755062; 5.70373543118e-10
163239.0206732147; 2.36685991052e-10
163309.4268245053; -1.07128615599e-10
163379.86334247; -4.81415955838e-10
163450.3302402064; -1.02262789787e-09
163520.827530817; -1.41296383961e-09
163591.3552274107; -1.80348475802e-09
163661.9133431021; -2.14035396022e-09
163732.5018910107; -2.57320793903e-09
163803.1208842623; -2.59074017797e-09
163873.7703359886; -2.21600459232e-09
163944.4502593259; -2.62073116865e-09
164015.160667417; -2.84087158803e-09
164085.9015734108; -3.392321212e-09
164156.6729904603; -3.65044781478e-09
164227.4749317257; -4.09263542419e-09
164298.3074103722; -4.60254231881e-09
164369.1704395711; -5.56499712274e-09
164440.0640324985; -6.00868238469e-09
164510.988202337; -5.93184168221e-09
164581.9429622751; -6.336222905e-09
164652.9283255057; -6.38522107432e-09
164723.9443052286; -6.36303838144e-09
164794.9909146493; -7.13963095552e-09
164866.0681669779; -7.70513722633e-09
164937.1760754313; -7.79808843913e-09
165008.3146532319; -8.24302001301e-09
165079.4839136071; -8.51990490945e-09
165150.6838697907; -9.14987183544e-09
165221.9145350224; -9.59494968986e-09
165293.1759225466; -1.03102155463e-08
165364.4680456144; -1.01795278162e-08
165435.7909174826; -1.11471324561e-08
165507.1445514126; -1.02884413593e-08
165578.5289606727; -1.09718775179e-08
165649.9441585368; -1.17648445021e-08
165721.3901582837; -1.21487402262e-08
165792.8669731987; -1.251459172e-08
165864.374616573; -1.29321589671e-08
165935.9131017024; -1.3340499968e-08
166007.4824418896; -1.36263829327e-08
166079.0826504428; -1.42870279949e-08
166150.7137406751; -1.44048045352e-08
166222.3757259065; -1.48277652796e-08
166294.068619462; -1.4844238264e-08
166365.7924346731; -1.56647407366e-08
166437.5471848757; -1.5791051104e-08
166509.3328834127; -1.62870010757e-08
166581.1495436328; -1.60010282532e-08
166652.9971788891; -1.61467519307e-08
166724.8758025418; -1.72813466428e-08
166796.7854279567; -1.70626453787e-08
166868.7260685044; -1.74094135264e-08
166940.6977375624; -1.77868668458e-08
167012.7004485138; -1.82135142584e-08
167084.7342147465; -1.87232905184e-08
167156.7990496551; -1.89735946771e-08
167228.8949666403; -1.88842823637e-08
167301.0219791071; -1.94564844605e-08
167373.1801004678; -1.9503581239e-08
167445.36934414; -1.91333259955e-08
167517.5897235464; -1.97366312736e-08
167589.8412521163; -2.01277355521e-08
167662.1239432851; -1.99207349378e-08
167734.4378104926; -2.01947700099e-08
167806.7828671857; -2.04434377961e-08
167879.1591268169; -2.10121004486e-08
167951.5666028436; -2.1488867119e-08
168024.0053087299; -2.11419597952e-08
168096.475257946; -2.14454763661e-08
168168.9764639666; -2.17713300958e-08
168241.5089402732; -2.20589567175e-08
168314.0727003531; -2.19538549974e-08
168386.6677576994; -2.21029016568e-08
168459.2941258102; -2.23208059853e-08
168531.9518181904; -2.25223828477e-08
168604.6408483508; -2.32971177508e-08
168677.3612298068; -2.34291549909e-08
168750.1129760808; -2.35823303031e-08
168822.8961007011; -2.37604448943e-08
168895.7106172006; -2.36731251354e-08
168968.5565391193; -2.36378107416e-08
169041.4338800028; -2.37407308378e-08
169114.3426534018; -2.37741898163e-08
169187.2828728735; -2.39256485082e-08
169260.2545519814; -2.41739304826e-08
169333.2577042934; -2.40996059603e-08
169406.2923433845; -2.4223936926e-08
169479.3584828355; -2.41995418798e-08
169552.4561362321; -2.43795789126e-08
169625.5853171668; -2.43919371031e-08
169698.746039238; -2.47106228552e-08
169771.9383160489; -2.46865317859e-08
169845.1621612097; -2.48092588081e-08
169918.4175883363; -2.48148961979e-08
169991.7046110496; -2.48194243276e-08
170065.0232429774; -2.47369636994e-08
170138.3734977529; -2.48006963135e-08
170211.7553890155; -2.49255854209e-08
170285.1689304098; -2.49148853348e-08
170358.6141355869; -2.48318801301e-08
170432.091018204; -2.48419757554e-08
170505.5995919232; -2.49255936e-08
170579.1398704132; -2.50338623678e-08
170652.7118673491; -2.48392863204e-08
170726.3155964105; -2.49975737347e-08
170799.951071284; -2.48050492264e-08
170873.6183056622; -2.47662167266e-08
170947.3173132425; -2.47831950165e-08
171021.0481077293; -2.49586967715e-08
171094.8107028327; -2.49267477048e-08
171168.605112268; -2.47083661947e-08
171242.4313497572; -2.47196183742e-08
171316.2894290284; -2.46808204465e-08
171390.1793638144; -2.47052891298e-08
171464.1011678551; -2.4629919643e-08
171538.0548548964; -2.46921227816e-08
171612.0404386887; -2.46020628261e-08
171686.0579329899; -2.44608321374e-08
171760.1073515635; -2.43971644501e-08
171834.1887081779; -2.44070842401e-08
171908.3020166086; -2.43126782885e-08
171982.4472906369; -2.4246326015e-08
172056.6245440493; -2.41690481642e-08
172130.833790639; -2.41330161328e-08
172205.0750442052; -2.40402474286e-08
172279.348318552; -2.39398376329e-08
172353.6536274905; -2.39313115788e-08
172427.9909848376; -2.38836605139e-08
172502.3604044164; -2.38009841795e-08
172576.7619000546; -2.36649274956e-08
172651.1954855874; -2.35150575387e-08
172725.6611748557; -2.35566299791e-08
172800.1589817054; -2.34801888285e-08
172874.6889199893; -2.34124843394e-08
172949.2510035663; -2.32982180134e-08
173023.8452463002; -2.32189128172e-08
173098.4716620619; -2.31259607171e-08
173173.1302647281; -2.30439201479e-08
173247.8210681806; -2.29690775922e-08
173322.5440863081; -2.29937839696e-08
173397.2993330055; -2.2856040895e-08
173472.0868221724; -2.25800810319e-08
173546.9065677156; -2.2458075415e-08
173621.7585835479; -2.25350859793e-08
173696.6428835869; -2.24411408824e-08
173771.5594817574; -2.23610042721e-08
173846.5083919902; -2.23316559136e-08
173921.489628221; -2.21371637693e-08
173996.5032043926; -2.20268713302e-08
174071.5491344538; -2.19732089105e-08
174146.6274323583; -2.1950972994e-08
174221.738112067; -2.17848710648e-08
174296.8811875463; -2.1683073138e-08
174372.0566727692; -2.17395359199e-08
174447.2645817135; -2.16683620683e-08
174522.5049283642; -2.1522945067e-08
174597.7777267121; -2.14746975454e-08
174673.0829907533; -2.13004939887e-08
174748.4207344908; -2.12653438145e-08
174823.7909719337; -2.10208359542e-08
174899.1937170959; -2.09970964867e-08
174974.6289839988; -2.08769364003e-08
175050.0967866694; -2.08289536532e-08
175125.5971391401; -2.07463872589e-08
175201.13005545; -2.06474992032e-08
175276.6955496446; -2.05310487289e-08
175352.2936357743; -2.04482755011e-08
175427.9243278966; -2.02973640976e-08
175503.5876400748; -2.01867206501e-08
175579.2835863778; -2.01182906881e-08
175655.0121808811; -2.00994153062e-08
175730.7734376664; -2.00747253433e-08
175806.5673708206; -1.9965878564e-08
175882.3939944375; -1.99758571137e-08
175958.2533226172; -1.97876663608e-08
176034.1453694646; -1.96546519384e-08
176110.0701490919; -1.9814280771e-08
176186.0276756173; -1.96731023437e-08
176262.0179631641; -1.9459379173e-08
176338.0410258627; -1.95681088704e-08
176414.0968778495; -1.93889133928e-08
176490.1855332663; -1.93670304591e-08
176566.3070062616; -1.91497149518e-08
176642.4613109899; -1.91243793763e-08
176718.6484616121; -1.89677827203e-08
176794.8684722942; -1.88419288899e-08
176871.1213572094; -1.88086707902e-08
176947.4071305368; -1.86813629084e-08
177023.7258064608; -1.8671051352e-08
177100.0773991728; -1.8707906762e-08
177176.4619228705; -1.86378766305e-08
177252.8793917564; -1.85735282397e-08
177329.3298200405; -1.84565011473e-08
177405.8132219387; -1.82382978157e-08
177482.3296116721; -1.82938662062e-08
177558.8790034689; -1.82073351976e-08
177635.4614115636; -1.80871843649e-08
177712.0768501954; -1.80590171041e-08
177788.7253336112; -1.79814077899e-08
177865.4068760636; -1.77143204278e-08
177942.1214918107; -1.76434254035e-08
178018.8691951175; -1.75460297266e-08
178095.6500002552; -1.75618950635e-08
178172.4639215003; -1.7541254749e-08
178249.3109731362; -1.73106393909e-08
178326.1911694527; -1.73301942765e-08
178403.1045247446; -1.72793450032e-08
178480.051053314; -1.72220117924e-08
178557.0307694688; -1.71735204782e-08
178634.0436875233; -1.6998192634e-08
178711.0898217971; -1.69101276323e-08
178788.1691866169; -1.69063910834e-08
178865.2817963156; -1.69008550358e-08
178942.4276652313; -1.6791763308e-08
179019.6068077093; -1.67511085029e-08
179096.819238101; -1.66469381271e-08
179174.064970763; -1.64714755556e-08
179251.3440200593; -1.63820752215e-08
179328.6564003598; -1.63004142531e-08
179406.0021260398; -1.62188027157e-08
179483.3812114816; -1.61009363487e-08
179560.7936710741; -1.59332331816e-08
179638.2395192109; -1.58709365299e-08
179715.7187702931; -1.57730595413e-08
179793.2314387281; -1.58110106526e-08
179870.7775389283; -1.58493601099e-08
179948.3570853132; -1.56719005288e-08
180025.970092309; -1.55815785292e-08
180103.6165743467; -1.54725048904e-08
180181.2965458646; -1.54284568592e-08
180259.0100213074; -1.5317086233e-08
180336.7570151249; -1.52439461138e-08
180414.5375417741; -1.51223430605e-08
180492.3516157183; -1.50127009515e-08
180570.1992514259; -1.49477180515e-08
180648.0804633729; -1.49182916134e-08
180725.9952660412; -1.48657527502e-08
180803.9436739179; -1.47309323308e-08
180881.9257014977; -1.46274676394e-08
180959.941363281; -1.46354529284e-08
181037.9906737747; -1.45367654016e-08
181116.0736474911; -1.44172865434e-08
181194.1902989497; -1.43866553075e-08
181272.3406426764; -1.43070067072e-08
181350.5246932021; -1.41711191166e-08
181428.7424650652; -1.41541623336e-08
181506.9939728103; -1.41427351311e-08
181585.2792309872; -1.41254159616e-08
181663.598254153; -1.39791829859e-08
181741.9510568713; -1.39571902246e-08
181820.3376537106; -1.38642689853e-08
181898.7580592469; -1.37736839856e-08
181977.2122880626; -1.37568779695e-08
182055.7003547451; -1.37175696377e-08
182134.2222738894; -1.36369236542e-08
182212.7780600965; -1.35983856837e-08
182291.3677279729; -1.35278075515e-08
182369.9912921323; -1.35204703307e-08
182448.6487671948; -1.34831243301e-08
182527.3401677857; -1.34233285251e-08
182606.0655085377; -1.34035663874e-08
182684.8248040897; -1.33121971238e-08
182763.6180690861; -1.32531264044e-08
182842.4453181783; -1.31660385162e-08
182921.3065660241; -1.3035708174e-08
183000.2018272876; -1.29372689385e-08
183079.1311166384; -1.27758924249e-08
183158.0944487534; -1.30651079816e-08
183237.0918383158; -1.30671457118e-08
183316.1233000142; -1.27626634306e-08
183395.1888485443; -1.29557902253e-08
183474.2884986087; -1.27764660813e-08
183553.4222649146; -1.28424991882e-08
183632.5901621771; -1.27021944702e-08
183711.7922051174; -1.28188453734e-08
183791.0284084621; -1.26705738677e-08
183870.2987869452; -1.24039695795e-08
183949.603355307; -1.23640691774e-08
184028.9421282932; -1.25599279959e-08
184108.3151206567; -1.26766512239e-08
184187.7223471571; -1.2426085696e-08
184267.163822559; -1.23323114232e-08
184346.6395616345; -1.22439286296e-08
184426.1495791623; -1.23131174746e-08
184505.6938899261; -1.21030488493e-08
184585.2725087172; -1.21451336058e-08
184664.8854503332; -1.20306609274e-08
184744.5327295772; -1.20170567748e-08
184824.2143612595; -1.19706348763e-08
184903.930360197; -1.18984491141e-08
184983.6807412117; -1.18780188009e-08
185063.4655191333; -1.18772968895e-08
185143.2847087974; -1.18131482903e-08
185223.1383250464; -1.17987617921e-08
185303.026382728; -1.17999227889e-08
185382.9488966974; -1.17084930099e-08
185462.9058818161; -1.16289345486e-08
185542.8973529512; -1.1626324924e-08
185622.9233249771; -1.15510714757e-08
185702.9838127746; -1.15456499606e-08
185783.0788312298; -1.1504650002e-08
185863.2083952364; -1.15025993564e-08
185943.3725196946; -1.14170600325e-08
186023.5712195098; -1.13928698952e-08
186103.804509595; -1.14385560422e-08
186184.0724048695; -1.13667279928e-08
186264.3749202581; -1.13544999121e-08
186344.7120706931; -1.13207023033e-08
186425.0838711131; -1.12763093809e-08
186505.4903364622; -1.12561629311e-08
186585.9314816921; -1.11844353617e-08
186666.4073217607; -1.11103807377e-08
186746.9178716314; -1.11471326685e-08
186827.4631462753; -1.10014405703e-08
186908.0431606696; -1.09569979235e-08
186988.6579297973; -1.09211829917e-08
187069.3074686485; -1.09355156914e-08
187149.9917922198; -1.08995140396e-08
187230.7109155144; -1.08636841992e-08
187311.464853541; -1.08215509678e-08
187392.2536213157; -1.08083818954e-08
187473.0772338612; -1.08138286663e-08
187553.9357062056; -1.08221699998e-08
187634.8290533846; -1.06762715306e-08
187715.7572904402; -1.0696292182e-08
187796.7204324201; -1.06558228472e-08
187877.7184943792; -1.06018743648e-08
187958.7514913792; -1.05577258786e-08
188039.8194384872; -1.06186581367e-08
188120.9223507776; -1.04955843863e-08
188202.0602433317; -1.05671479986e-08
188283.2331312358; -1.04982138995e-08
188364.4410295842; -1.04560996132e-08
188445.6839534773; -1.04349428148e-08
188526.9619180214; -1.04170300128e-08
188608.2749383299; -1.04081414659e-08
188689.6230295232; -1.04071685513e-08
188771.0062067267; -1.03731289557e-08
188852.4244850737; -1.02808407197e-08
188933.8778797039; -1.00753674439e-08
189015.3664057626; -1.01197533868e-08
189096.8900784024; -1.02515659669e-08
189178.4489127827; -1.01046489387e-08
189260.0429240684; -1.01514767e-08
189341.6721274317; -1.01194496162e-08
189423.3365380518; -1.01370440264e-08
189505.0361711129; -1.00438121307e-08
189586.7710418072; -9.90078622349e-09
189668.5411653329; -9.76321315441e-09
189750.3465568952; -9.93578904246e-09
189832.1872317046; -1.00484342982e-08
189914.0632049794; -9.86110400187e-09
189995.9744919446; -9.87329134327e-09
190077.9211078304; -9.76851718763e-09
190159.9030678747; -9.79611111073e-09
190241.9203873223; -9.67623788681e-09
190323.973081423; -9.80612658821e-09
190406.0611654346; -9.7841981914e-09
190488.1846546213; -9.76383603545e-09
190570.343564253; -9.72449058837e-09
190652.5379096071; -9.63479401912e-09
190734.7677059677; -9.65951174355e-09
190817.0329686243; -9.62920653495e-09
190899.333712874; -9.59839603335e-09
190981.6699540208; -9.55053990944e-09
191064.041707374; -9.55730439865e-09
191146.4489882506; -9.4377318212e-09
191228.8918119742; -9.41394033607e-09
191311.3701938741; -9.35752487305e-09
191393.884149287; -9.34932751439e-09
191476.4336935564; -9.28280063645e-09
191559.0188420314; -9.26199052877e-09
191641.6396100686; -9.27930398111e-09
191724.296013031; -9.23522585156e-09
191806.9880662887; -9.21223230799e-09
191889.715785217; -9.20745439983e-09
191972.4791851992; -9.20663310187e-09
192055.2782816251; -9.15588342133e-09
192138.1130898902; -9.2118469524e-09
192220.9836253976; -9.24346667387e-09
192303.8899035571; -9.17653400194e-09
192386.8319397839; -8.87234960548e-09
192469.8097495013; -8.86650994968e-09
192552.8233481388; -8.76256147211e-09
192635.8727511318; -8.96818254052e-09
192718.9579739234; -9.07797271711e-09
192802.0790319631; -8.87222217002e-09
192885.2359407064; -9.00079233461e-09
192968.4287156162; -9.05175684653e-09
193051.6573721622; -8.78011784849e-09
193134.9219258197; -8.7627452616e-09
193218.2223920716; -8.50329984707e-09
193301.558786408; -8.91472381139e-09
193384.9311243238; -8.76481146561e-09
193468.3394213223; -8.65529360539e-09
193551.7836929132; -8.70304147007e-09
193635.263954612; -8.62710020139e-09
193718.7802219416; -8.61321132322e-09
193802.3325104321; -8.53502622818e-09
193885.9208356188; -8.59942440593e-09
193969.5452130451; -8.53042814805e-09
194053.2056582607; -8.53567415267e-09
194136.9021868214; -8.45101886654e-09
194220.6348142905; -8.60811777877e-09
194304.4035562377; -8.58837234922e-09
194388.2084282398; -8.48438032052e-09
194472.0494458792; -8.43586331301e-09
194555.9266247461; -8.38548394198e-09
194639.8399804376; -8.37703538643e-09
194723.7895285562; -8.38709653324e-09
194807.7752847123; -8.32967820094e-09
194891.7972645231; -8.29927238113e-09
194975.8554836113; -8.29934568073e-09
195059.9499576076; -8.28865960342e-09
195144.0807021494; -8.23224570875e-09
195228.2477328796; -8.27760685315e-09
195312.4510654492; -8.28262975355e-09
195396.6907155157; -8.20480375845e-09
195480.9666987423; -8.19562015742e-09
195565.2790308003; -8.14403294565e-09
195649.6277273675; -8.12033445498e-09
195734.0128041273; -8.06923546569e-09
195818.4342767713; -8.0411610806e-09
195902.8921609977; -8.0185282428e-09
195987.3864725101; -8.05239551466e-09
196071.9172270204; -8.01545948818e-09
196156.484440247; -8.01809583701e-09
196241.0881279141; -7.97808331418e-09
196325.7283057538; -7.94796020176e-09
196410.4049895046; -7.92694090497e-09
196495.118194912; -7.80614046701e-09
196579.8679377274; -7.81912100745e-09
196664.6542337099; -7.83188200524e-09
196749.4770986257; -7.85983870857e-09
196834.3365482464; -7.81153240851e-09
196919.2325983516; -7.7429158577e-09
197004.1652647277; -7.75568679039e-09
197089.1345631669; -7.68004656807e-09
197174.1405094691; -7.63518838603e-09
197259.1831194414; -7.60262146824e-09
197344.2624088961; -7.6645196553e-09
197429.3783936538; -7.62251139755e-09
197514.5310895419; -7.57909825054e-09
197599.7205123933; -7.55791901428e-09
197684.946678049; -7.57320422769e-09
197770.2096023568; -7.4771291934e-09
197855.5093011703; -7.47003797078e-09
197940.8457903508; -7.43430979753e-09
198026.2190857669; -7.43297733935e-09
198111.6292032925; -7.43411426736e-09
198197.0761588095; -7.42252160187e-09
198282.5599682069; -7.36364567534e-09
198368.0806473792; -7.40342535274e-09
198453.6382122291; -7.39108264569e-09
198539.232678666; -7.39697634362e-09
198624.8640626049; -7.29802427962e-09
198710.5323799691; -7.23398900083e-09
198796.2376466887; -7.27720644896e-09
198881.9798786993; -7.2385522588e-09
198967.7590919448; -7.2049494741e-09
199053.5753023753; -7.18071480474e-09
199139.4285259486; -7.2175263075e-09
199225.3187786277; -7.18161493836e-09
199311.246076384; -7.09375588911e-09
199397.2104351958; -7.07487084106e-09
199483.2118710468; -7.06237704847e-09
199569.2503999292; -7.04358729428e-09
199655.3260378418; -7.04664815721e-09
199741.4388007891; -6.98022573324e-09
199827.5887047839; -6.95941841858e-09
199913.7757658458; -6.95850755027e-09
200000; -6.96229776643e-09
130000; 4.76154330293e-10
130056.0699251321; 4.97531302398e-10
130112.1640336221; 5.30817338587e-10
130168.2823359; 4.67265189836e-10
130224.4248424011; 4.97744415478e-10
130280.591563565; 5.38099267634e-10
130336.7825098352; 5.10172312782e-10
130392.9976916604; 4.9875197728e-10
130449.2371194939; 5.03959554444e-10
130505.5008037925; 5.0921650621e-10
130561.7887550186; 4.98875888662e-10
130618.1009836388; 4.99064964271e-10
130674.4375001237; 5.51651283793e-10
130730.7983149491; 5.18907943339e-10
130787.183438595; 5.01093559356e-10
130843.5928815463; 5.02054820753e-10
130900.0266542915; 4.74871709092e-10
130956.4847673245; 4.95964592907e-10
131012.9672311437; 5.12521280429e-10
131069.4740562512; 4.73082320271e-10
131126.0052531545; 4.99603298646e-10
131182.5608323656; 4.76201730411e-10
131239.1408044002; 5.04105322616e-10
131295.7451797794; 5.17394269994e-10
131352.3739690287; 4.86229367217e-10
131409.0271826776; 4.6436466002e-10
131465.7048312608; 5.06054475953e-10
131522.4069253173; 4.68121403674e-10
131579.1334753903; 5.14874615685e-10
131635.884492028; 5.08237605671e-10
131692.6599857833; 4.69293328791e-10
131749.4599672129; 4.85901671569e-10
131806.2844468786; 5.4096377561e-10
131863.1334353471; 5.05992923282e-10
131920.0069431886; 4.98094861433e-10
131976.9049809788; 5.16283153993e-10
132033.8275592978; 4.8208243174e-10
132090.7746887297; 5.03990258923e-10
132147.7463798638; 4.86051901075e-10
132204.742643294; 5.04307257366e-10
132261.7634896179; 4.71221368893e-10
132318.8089294386; 4.7632970948e-10
132375.8789733635; 4.88371288949e-10
132432.9736320047; 4.63809979915e-10
132490.0929159782; 4.81280041342e-10
132547.2368359054; 4.87934890446e-10
132604.4054024122; 4.71983838469e-10
132661.5986261283; 5.03007284448e-10
132718.8165176887; 4.65128716681e-10
132776.0590877333; 4.65226191218e-10
132833.3263469054; 5.09199079512e-10
132890.618305854; 4.81741183382e-10
132947.9349752324; 4.99141850436e-10
133005.2763656979; 4.80867580336e-10
133062.6424879132; 4.77340195518e-10
133120.0333525455; 4.8384950764e-10
133177.4489702659; 4.64717480355e-10
133234.8893517508; 4.40449688398e-10
133292.3545076813; 4.51859445413e-10
133349.8444487423; 4.68958341297e-10
133407.3591856238; 4.62149120019e-10
133464.898729021; 4.40865211104e-10
133522.4630896325; 4.49721691342e-10
133580.0522781624; 4.40945146473e-10
133637.6663053193; 4.56860926414e-10
133695.3051818159; 4.63421693844e-10
133752.9689183701; 4.77981665452e-10
133810.6575257046; 4.39461321581e-10
133868.3710145456; 4.3687582822e-10
133926.1093956251; 4.25627466545e-10
133983.8726796792; 4.57938363713e-10
134041.6608774491; 4.55615145589e-10
134099.4739996796; 4.52330191193e-10
134157.3120571212; 4.44825888986e-10
134215.1750605289; 4.43149426915e-10
134273.0630206614; 4.47539786305e-10
134330.9759482831; 4.68919576423e-10
134388.9138541628; 4.11784432656e-10
134446.8767490734; 4.45925283049e-10
134504.8646437931; 4.71987518758e-10
134562.8775491047; 4.44385266586e-10
134620.9154757949; 4.50924183474e-10
134678.9784346559; 4.54372170283e-10
134737.0664364846; 4.37049232923e-10
134795.1794920815; 4.24222964682e-10
134853.3176122529; 4.2915402033e-10
134911.4808078095; 4.25271846941e-10
134969.669089566; 4.28284559952e-10
135027.8824683425; 4.55785469847e-10
135086.1209549639; 4.04908266365e-10
135144.3845602587; 3.98708298436e-10
135202.673295061; 4.05292584723e-10
135260.9871702098; 3.97614559145e-10
135319.3261965476; 4.03374585747e-10
135377.6903849227; 4.09208924187e-10
135436.0797461878; 4.10953730904e-10
135494.4942911997; 3.86822815691e-10
135552.9340308206; 4.1703029357e-10
135611.398975917; 3.74075726767e-10
135669.8891373606; 3.98022496333e-10
135728.4045260267; 3.56027516365e-10
135786.9451527965; 3.87280458645e-10
135845.5110285554; 3.71938185141e-10
135904.102164193; 4.16527593636e-10
135962.7185706044; 3.72899115375e-10
136021.3602586893; 3.93300586052e-10
136080.0272393514; 3.41521343204e-10
136138.7195234996; 3.66940884298e-10
136197.437122048; 4.06552917995e-10
136256.1800459142; 3.61805307077e-10
136314.9483060215; 3.8191884047e-10
136373.7419132979; 3.60500585399e-10
136432.5608786753; 3.40359996573e-10
136491.4052130909; 3.75552153591e-10
136550.2749274871; 3.57929250839e-10
136609.1700328097; 3.34248792957e-10
136668.0905400104; 3.60238272671e-10
136727.0364600454; 3.60229824878e-10
136786.007803875; 3.40561425206e-10
136845.0045824648; 3.36843690112e-10
136904.0268067853; 3.41579752946e-10
136963.0744878109; 3.31611556862e-10
137022.1476365215; 3.37001642601e-10
137081.2462639019; 3.34017928264e-10
137140.3703809405; 3.43417116735e-10
137199.5199986316; 3.17300732671e-10
137258.6951279737; 3.39076962981e-10
137317.8957799705; 3.33165513434e-10
137377.1219656295; 3.00444792071e-10
137436.3736959638; 3.23416166432e-10
137495.6509819915; 2.97716692212e-10
137554.9538347341; 3.32136538475e-10
137614.2822652191; 2.90869768283e-10
137673.6362844787; 3.15755098925e-10
137733.0159035489; 3.11913358724e-10
137792.4211334713; 3.04203997582e-10
137851.8519852925; 3.15770369936e-10
137911.3084700627; 2.66770119902e-10
137970.7905988379; 2.83861105353e-10
138030.2983826789; 2.65592827437e-10
138089.8318326501; 3.06888646292e-10
138149.3909598221; 2.88079228484e-10
138208.9757752697; 2.81700725943e-10
138268.586290072; 2.57476122703e-10
138328.2225153135; 2.79172398898e-10
138387.8844620836; 2.66354978346e-10
138447.5721414757; 2.58203089053e-10
138507.2855645886; 2.57908972133e-10
138567.0247425262; 2.05148510601e-10
138626.789686396; 2.2482660774e-10
138686.5804073115; 2.36647326153e-10
138746.3969163907; 2.30835906726e-10
138806.2392247556; 2.15988803873e-10
138866.107343534; 2.49235669045e-10
138926.0012838581; 2.048681026e-10
138985.9210568651; 2.25045200638e-10
139045.8666736964; 2.45699680224e-10
139105.8381454988; 2.05784394494e-10
139165.835483424; 1.87862657304e-10
139225.8586986279; 2.28629439355e-10
139285.9078022715; 2.13736717168e-10
139345.9828055212; 2.04649478459e-10
139406.083719547; 1.58335520455e-10
139466.2105555247; 1.55999474433e-10
139526.363324635; 2.04382173285e-10
139586.5420380623; 1.69585806628e-10
139646.746706997; 1.53506525647e-10
139706.9773426342; 1.22697511154e-10
139767.2339561728; 1.70949587878e-10
139827.5165588177; 1.45381398113e-10
139887.8251617784; 1.3861307865e-10
139948.1597762684; 1.26344552215e-10
140008.520413507; 1.59882485103e-10
140068.9070847183; 1.15135261583e-10
140129.3198011304; 1.38930914374e-10
140189.758573977; 9.74112477439e-11
140250.2234144966; 8.28248892784e-11
140310.714333932; 1.04209278196e-10
140371.2313435314; 9.52334853744e-11
140431.7744545481; 9.63749247048e-11
140492.343678239; 5.69107086445e-11
140552.9390258672; 8.118536131e-11
140613.5605087; 2.19173496959e-11
140674.2081380101; 3.81639557175e-11
140734.881925074; 3.83602794333e-11
140795.581881174; 4.34895270586e-11
140856.3080175974; 3.45567480012e-11
140917.0603456352; 8.19916444407e-12
140977.8388765845; 2.1430526865e-11
141038.643621747; 8.58260802999e-12
141099.4745924285; -1.89226382318e-11
141160.3317999405; -4.52120645931e-12
141221.2152555996; -5.78349547107e-12
141282.124970726; -2.3219228366e-11
141343.060956646; -5.25088835001e-11
141404.0232246907; -5.79410332506e-11
141465.0117861951; -3.58989473885e-11
141526.0266525001; -6.85972683526e-11
141587.0678349515; -6.09499097644e-11
141648.135344899; -3.2854705113e-11
141709.229193698; -7.57011626558e-11
141770.3493927092; -1.13292024328e-10
141831.4959532968; -8.02203633891e-11
141892.6688868311; -1.33827122599e-10
141953.8682046873; -1.08951676875e-10
142015.0939182446; -1.35542624472e-10
142076.3460388878; -1.34777386869e-10
142137.6245780068; -1.51601329577e-10
142198.9295469955; -1.60385847364e-10
142260.2609572536; -1.54455602727e-10
142321.6188201854; -1.76363629858e-10
142383.0031472004; -1.69927742307e-10
142444.4139497123; -2.08020372906e-10
142505.8512391403; -1.84692229241e-10
142567.3150269087; -2.13466431523e-10
142628.8053244459; -1.99603365367e-10
142690.3221431859; -2.30687920383e-10
142751.865494568; -2.23361321755e-10
142813.4353900352; -2.4378213738e-10
142875.0318410365; -2.60427970364e-10
142936.6548590258; -2.50556192844e-10
142998.3044554609; -2.99329952043e-10
143059.9806418057; -3.16302537172e-10
143121.6834295289; -3.29792050908e-10
143183.4128301032; -3.45381291148e-10
143245.1688550074; -3.61032365236e-10
143306.9515157248; -3.54487487405e-10
143368.7608237431; -3.58089340271e-10
143430.5967905559; -3.76822515494e-10
143492.4594276615; -4.12733865893e-10
143554.3487465624; -3.40693040825e-10
143616.264758767; -4.05913097631e-10
143678.2074757886; -4.20345296366e-10
143740.1769091445; -4.40907200135e-10
143802.1730703581; -4.27838613943e-10
143864.1959709574; -4.4339207603e-10
143926.2456224749; -4.45756183472e-10
143988.3220364486; -4.99183164644e-10
144050.4252244215; -4.79764837148e-10
144112.5551979415; -4.64884580455e-10
144174.7119685611; -5.357232633e-10
144236.895547838; -5.6020836724e-10
144299.1059473356; -5.41963714404e-10
144361.3431786209; -5.93988449374e-10
144423.6072532669; -6.05439170689e-10
144485.8981828517; -6.11199203539e-10
144548.2159789575; -6.36087727097e-10
144610.5606531722; -6.23972910509e-10
144672.9322170888; -6.57204923311e-10
144735.3306823045; -6.88621054212e-10
144797.7560604223; -6.85338836601e-10
144860.2083630503; -7.44039427688e-10
144922.6876018005; -7.27469181209e-10
144985.193788291; -7.47175470983e-10
145047.7269341449; -7.536978172e-10
145110.2870509892; -7.92232669781e-10
145172.8741504572; -7.98869473598e-10
145235.4882441869; -8.12421389783e-10
145298.1293438204; -7.7895203898e-10
145360.7974610061; -8.34686779813e-10
145423.4926073969; -8.33029581461e-10
145486.2147946503; -9.52357654038e-10
145548.9640344293; -9.2040760011e-10
145611.7403384024; -9.11260127135e-10
145674.5437182417; -9.59496314259e-10
145737.3741856258; -9.86839377887e-10
145800.2317522375; -1.00637444989e-09
145863.1164297654; -9.96792859064e-10
145926.0282299018; -1.01821533178e-09
145988.9671643454; -1.04598237216e-09
146051.9332447996; -1.07869272748e-09
146114.9264829721; -1.11325336821e-09
146177.9468905765; -1.08858013217e-09
146240.9944793315; -1.12740107251e-09
146304.0692609599; -1.13363691857e-09
146367.1712471904; -1.16191211371e-09
146430.3004497571; -1.21520318038e-09
146493.4568803977; -1.21127433793e-09
146556.6405508562; -1.28859417151e-09
146619.8514728818; -1.28363498571e-09
146683.0896582276; -1.34859654129e-09
146746.3551186528; -1.27503093953e-09
146809.6478659216; -1.31810335679e-09
146872.9679118023; -1.38671889537e-09
146936.3152680695; -1.39961495163e-09
146999.6899465026; -1.3910899848e-09
147063.0919588851; -1.43152998346e-09
147126.5213170068; -1.45501780417e-09
147189.9780326624; -1.50678953648e-09
147253.4621176507; -1.53542508748e-09
147316.9735837766; -1.56890766608e-09
147380.5124428501; -1.61084166197e-09
147444.0787066854; -1.63508251722e-09
147507.6723871027; -1.65121412203e-09
147571.2934959269; -1.67277427753e-09
147634.9420449884; -1.73557774061e-09
147698.6180461217; -1.73592308165e-09
147762.3215111675; -1.79009575553e-09
147826.0524519714; -1.79989670155e-09
147889.8108803833; -1.77007497291e-09
147953.5968082591; -1.8711048004e-09
148017.4102474598; -1.86447493851e-09
148081.2512098506; -1.88954578944e-09
148145.1197073029; -1.92435374682e-09
148209.0157516929; -1.9566502665e-09
148272.9393549013; -2.00265707349e-09
148336.8905288147; -2.04042155231e-09
148400.8692853247; -2.06427333419e-09
148464.8756363275; -2.1087231354e-09
148528.9095937249; -2.1302300923e-09
148592.9711694241; -2.17508681222e-09
148657.0603753366; -2.24963332024e-09
148721.1772233796; -2.21968346257e-09
148785.3217254757; -2.23958173969e-09
148849.4938935518; -2.29252438488e-09
148913.6937395407; -2.27324327154e-09
148977.9212753803; -2.31300429757e-09
149042.1765130129; -2.35196423286e-09
149106.4594643868; -2.36930495307e-09
149170.7701414553; -2.43172409154e-09
149235.1085561762; -2.43857729508e-09
149299.4747205132; -2.47374807019e-09
149363.868646435; -2.46019922195e-09
149428.2903459156; -2.53802985959e-09
149492.7398309333; -2.57543901248e-09
149557.2171134726; -2.59365066144e-09
149621.7222055229; -2.66899635445e-09
149686.2551190782; -2.71336818853e-09
149750.8158661384; -2.64127242781e-09
149815.4044587085; -2.71250744462e-09
149880.0209087979; -2.64482835517e-09
149944.6652284221; -2.63537562444e-09
150009.3374296017; -2.68295691389e-09
150074.0375243616; -2.78914205719e-09
150138.7655247327; -2.78231087915e-09
150203.5214427514; -2.80819538004e-09
150268.3052904581; -2.8305301332e-09
150333.1170798992; -2.83654583051e-09
150397.9568231267; -2.8549005546e-09
150462.8245321966; -2.85021401632e-09
150527.720219171; -2.88502819708e-09
150592.6438961174; -2.87894481744e-09
150657.5955751073; -2.92123410803e-09
150722.5752682186; -2.90900027253e-09
150787.5829875342; -2.8761094581e-09
150852.6187451415; -2.83174581563e-09
150917.682553134; -2.90897955295e-09
150982.7744236097; -2.9137053997e-09
151047.8943686728; -2.91394989833e-09
151113.0424004313; -3.0052042169e-09
151178.2185309995; -3.0354039718e-09
151243.4227724969; -3.00916091457e-09
151308.6551370474; -3.07153814524e-09
151373.915636781; -3.14700360072e-09
151439.2042838328; -3.09247990603e-09
151504.5210903424; -3.12477040228e-09
151569.8660684555; -3.08747905612e-09
151635.239230323; -3.13063334575e-09
151700.6405881001; -3.2524084791e-09
151766.0701539482; -3.27497680874e-09
151831.527940034; -3.30615334598e-09
151897.0139585285; -3.30565601339e-09
151962.5282216087; -3.36284518055e-09
152028.0707414572; -3.41358682569e-09
152093.6415302606; -3.41453172261e-09
152159.2406002118; -3.46775571306e-09
152224.867963509; -3.49900685581e-09
152290.5236323548; -3.53493070294e-09
152356.2076189577; -3.58546134696e-09
152421.9199355319; -3.67912298668e-09
152487.6605942954; -3.7449633377e-09
152553.429607473; -3.81554958649e-09
152619.2269872943; -3.90714147938e-09
152685.0527459934; -3.90772774498e-09
152750.9068958107; -4.00413726065e-09
152816.7894489917; -4.13196243235e-09
152882.7004177865; -4.24020635035e-09
152948.6398144512; -4.39023592176e-09
153014.6076512469; -4.50407766499e-09
153080.6039404404; -4.58752319839e-09
153146.6286943028; -4.69949273068e-09
153212.6819251113; -4.84326224361e-09
153278.7636451487; -4.88470296836e-09
153344.8738667019; -4.90017024671e-09
153411.0126020641; -4.91745356942e-09
153477.1798635338; -5.17469103571e-09
153543.375663414; -5.29338026892e-09
153609.6000140138; -5.42933887848e-09
153675.8529276475; -5.51312126763e-09
153742.1344166341; -5.70871686742e-09
153808.4444932986; -5.59739762151e-09
153874.7831699713; -5.8043538099e-09
153941.150458987; -5.93563802177e-09
154007.5463726868; -6.02100659658e-09
154073.970923417; -6.14600403194e-09
154140.4241235284; -6.15315588871e-09
154206.9059853778; -6.35170577927e-09
154273.4165213277; -6.42048466893e-09
154339.9557437447; -6.54428510448e-09
154406.5236650018; -6.83264862745e-09
154473.1202974775; -6.91756070275e-09
154539.7456535544; -7.036527326e-09
154606.3997456214; -7.13041657502e-09
154673.0825860727; -7.26349522439e-09
154739.794187308; -7.30377606463e-09
154806.5345617313; -7.43145936713e-09
154873.303721753; -7.59685639296e-09
154940.1016797889; -7.68963162674e-09
155006.9284482592; -7.77058023739e-09
155073.7840395903; -7.91415106472e-09
155140.668466214; -8.00937115359e-09
155207.5817405666; -8.0779668786e-09
155274.5238750905; -8.07729325456e-09
155341.4948822338; -8.22846391539e-09
155408.4947744488; -8.4676877435e-09
155475.5235641941; -8.5137086593e-09
155542.5812639337; -8.576818861e-09
155609.6678861361; -8.61394003287e-09
155676.783443276; -8.58193037576e-09
155743.9279478338; -8.70970624783e-09
155811.1014122938; -9.03105405457e-09
155878.3038491471; -9.11796420168e-09
155945.5352708899; -9.26582686413e-09
156012.7956900231; -9.36074179522e-09
156080.0851190537; -9.52733215308e-09
156147.4035704942; -9.56592288481e-09
156214.7510568616; -9.71532717581e-09
156282.1275906791; -9.6468430279e-09
156349.5331844754; -9.75041744694e-09
156416.9678507838; -9.86156649356e-09
156484.4316021436; -9.94354118618e-09
156551.9244510994; -1.02019887239e-08
156619.4464102016; -1.03275992303e-08
156686.997492005; -1.02690655019e-08
156754.5777090707; -1.0421530181e-08
156822.1870739653; -1.06356460303e-08
156889.8255992597; -1.07897331481e-08
156957.4932975315; -1.09322909963e-08
157025.1901813634; -1.08480281451e-08
157092.9162633427; -1.13448393919e-08
157160.6715560631; -1.14687915003e-08
157228.4560721238; -1.12386882834e-08
157296.2698241284; -1.15600788727e-08
157364.1128246867; -1.17537872655e-08
157431.9850864144; -1.17632993307e-08
157499.8866219311; -1.19574432972e-08
157567.8174438634; -1.21168730318e-08
157635.7775648429; -1.22473838707e-08
157703.7669975059; -1.24991312649e-08
157771.7857544951; -1.2600546323e-08
157839.8338484585; -1.2528769429e-08
157907.9112920488; -1.26787212332e-08
157976.0180979249; -1.28345831873e-08
158044.1542787514; -1.29102893737e-08
158112.3198471973; -1.30342918564e-08
158180.514815938; -1.33754985256e-08
158248.7391976543; -1.34077645845e-08
158316.9930050316; -1.36576099068e-08
158385.2762507617; -1.36742836637e-08
158453.5889475417; -1.38150221996e-08
158521.9311080743; -1.3987102186e-08
158590.3027450667; -1.41755130438e-08
158658.7038712327; -1.4114750104e-08
158727.1344992915; -1.42346094315e-08
158795.5946419669; -1.43717656595e-08
158864.084311989; -1.45454850676e-08
158932.6035220935; -1.46453173641e-08
159001.1522850206; -1.47775162995e-08
159069.7306135169; -1.48841390973e-08
159138.3385203347; -1.50114225855e-08
159206.9760182307; -1.53423331442e-08
159275.6431199679; -1.54205706381e-08
159344.3398383151; -1.56139179376e-08
159413.0661860455; -1.57319177197e-08
159481.8221759387; -1.58964209665e-08
159550.60782078; -1.59950731401e-08
159619.4231333591; -1.61220698345e-08
159688.2681264722; -1.62808299315e-08
159757.1428129211; -1.63869900626e-08
159826.0472055121; -1.65122096274e-08
159894.9813170579; -1.66142393937e-08
159963.945160377; -1.67614498703e-08
160032.9387482921; -1.67656571962e-08
160101.9620936327; -1.67649492624e-08
160171.0152092337; -1.69125325603e-08
160240.0981079344; -1.70940446703e-08
160309.2108025811; -1.72614167552e-08
160378.3533060247; -1.73557990254e-08
160447.5256311225; -1.75048611433e-08
160516.727790736; -1.76709874099e-08
160585.9597977334; -1.77687803517e-08
160655.2216649885; -1.78473065264e-08
160724.5134053795; -1.79654287015e-08
160793.8350317912; -1.80886601794e-08
160863.186557114; -1.80671908502e-08
160932.5679942429; -1.83126158021e-08
161001.9793560794; -1.8270197639e-08
161071.4206555305; -1.84713628776e-08
161140.8919055079; -1.84306141158e-08
161210.3931189299; -1.86100007435e-08
161279.9243087201; -1.87319999558e-08
161349.4854878069; -1.88722112732e-08
161419.0766691253; -1.89639200731e-08
161488.6978656158; -1.9070349034e-08
161558.3490902234; -1.90549419024e-08
161628.0303558999; -1.91054505459e-08
161697.7416756025; -1.91844684297e-08
161767.4830622931; -1.93410984831e-08
161837.25452894; -1.93433995008e-08
161907.0560885173; -1.94508011388e-08
161976.8877540037; -1.96868360437e-08
162046.7495383844; -1.97712401829e-08
162116.6414546501; -1.96169956876e-08
162186.5635157964; -1.97246527714e-08
162256.5157348253; -1.97785414507e-08
162326.498124744; -1.98810841142e-08
162396.5106985659; -1.98745327381e-08
162466.5534693088; -2.00879469458e-08
162536.6264499971; -2.01877285868e-08
162606.729653661; -2.02300569984e-08
162676.8630933352; -2.01989892203e-08
162747.026782061; -2.02391347834e-08
162817.2207328854; -2.05060668984e-08
162887.44495886; -2.05795808012e-08
162957.699473043; -2.05127828878e-08
163027.9842884983; -2.07288136557e-08
163098.2994182943; -2.07754205497e-08
163168.6448755062; -2.08197125484e-08
163239.0206732147; -2.08565555867e-08
163309.4268245053; -2.09146909067e-08
163379.86334247; -2.09423975378e-08
163450.3302402064; -2.09764237869e-08
163520.827530817; -2.10177617073e-08
163591.3552274107; -2.11018254729e-08
163661.9133431021; -2.11385564467e-08
163732.5018910107; -2.11313348207e-08
163803.1208842623; -2.10153132406e-08
163873.7703359886; -2.09546561793e-08
163944.4502593259; -2.10213721079e-08
164015.160667417; -2.09895809125e-08
164085.9015734108; -2.09683991706e-08
164156.6729904603; -2.10188395257e-08
164227.4749317257; -2.10657384809e-08
164298.3074103722; -2.11926894685e-08
164369.1704395711; -2.10801269348e-08
164440.0640324985; -2.11720420995e-08
164510.988202337; -2.10209593407e-08
164581.9429622751; -2.09966551458e-08
164652.9283255057; -2.10071944239e-08
164723.9443052286; -2.09538839498e-08
164794.9909146493; -2.1079759887e-08
164866.0681669779; -2.11923438775e-08
164937.1760754313; -2.11931895941e-08
165008.3146532319; -2.09875988865e-08
165079.4839136071; -2.08808376874e-08
165150.6838697907; -2.10176887701e-08
165221.9145350224; -2.04165875475e-08
165293.1759225466; -2.08967254747e-08
165364.4680456144; -2.07643262915e-08
165435.7909174826; -2.09776997536e-08
165507.1445514126; -2.08239993786e-08
165578.5289606727; -2.06363139375e-08
165649.9441585368; -2.02532700409e-08
165721.3901582837; -2.02876188307e-08
165792.8669731987; -2.01640336202e-08
165864.374616573; -2.01158604479e-08
165935.9131017024; -2.00541286611e-08
166007.4824418896; -1.9973776326e-08
166079.0826504428; -1.98293195738e-08
166150.7137406751; -1.97771691217e-08
166222.3757259065; -1.96066201042e-08
166294.068619462; -1.95612348223e-08
166365.7924346731; -1.94328923607e-08
166437.5471848757; -1.92260382894e-08
166509.3328834127; -1.92499674011e-08
166581.1495436328; -1.93004326997e-08
166652.9971788891; -1.91257644644e-08
166724.8758025418; -1.88670835815e-08
166796.7854279567; -1.87549336025e-08
166868.7260685044; -1.86653919928e-08
166940.6977375624; -1.84957162097e-08
167012.7004485138; -1.84227349865e-08
167084.7342147465; -1.8277099836e-08
167156.7990496551; -1.81307522028e-08
167228.8949666403; -1.80433345257e-08
167301.0219791071; -1.78413451211e-08
167373.1801004678; -1.7733119061e-08
167445.36934414; -1.78414670955e-08
167517.5897235464; -1.74885492543e-08
167589.8412521163; -1.72229794896e-08
167662.1239432851; -1.73242588269e-08
167734.4378104926; -1.71272372122e-08
167806.7828671857; -1.69919325318e-08
167879.1591268169; -1.66235549228e-08
167951.5666028436; -1.62704928443e-08
168024.0053087299; -1.65763157565e-08
168096.475257946; -1.64040743186e-08
168168.9764639666; -1.62532995793e-08
168241.5089402732; -1.60343274922e-08
168314.0727003531; -1.58801335899e-08
168386.6677576994; -1.57054816317e-08
168459.2941258102; -1.55254995095e-08
168531.9518181904; -1.53250683042e-08
168604.6408483508; -1.48111038757e-08
168677.3612298068; -1.4635315858e-08
168750.1129760808; -1.44281096599e-08
168822.8961007011; -1.42897773267e-08
168895.7106172006; -1.42172510784e-08
168968.5565391193; -1.42835918799e-08
169041.4338800028; -1.40832597987e-08
169114.3426534018; -1.39699714796e-08
169187.2828728735; -1.3749521866e-08
169260.2545519814; -1.3501110338e-08
169333.2577042934; -1.34454651925e-08
169406.2923433845; -1.33026047921e-08
169479.3584828355; -1.30571043098e-08
169552.4561362321; -1.29017127703e-08
169625.5853171668; -1.27247878558e-08
169698.746039238; -1.24492557685e-08
169771.9383160489; -1.22884868962e-08
169845.1621612097; -1.21426374391e-08
169918.4175883363; -1.18495479194e-08
169991.7046110496; -1.18257643135e-08
170065.0232429774; -1.18719655947e-08
170138.3734977529; -1.17175272437e-08
170211.7553890155; -1.13433406146e-08
170285.1689304098; -1.12198311156e-08
170358.6141355869; -1.10839058973e-08
170432.091018204; -1.09226669728e-08
170505.5995919232; -1.05530177272e-08
170579.1398704132; -1.0434572474e-08
170652.7118673491; -1.03870413965e-08
170726.3155964105; -1.01237449692e-08
170799.951071284; -1.01971329923e-08
170873.6183056622; -1.00498055838e-08
170947.3173132425; -9.93908816191e-09
171021.0481077293; -9.82151897987e-09
171094.8107028327; -9.53817975069e-09
171168.605112268; -9.32437553865e-09
171242.4313497572; -9.16602593438e-09
171316.2894290284; -9.15299600059e-09
171390.1793638144; -9.03482652536e-09
171464.1011678551; -8.74213284603e-09
171538.0548548964; -8.6040898872e-09
171612.0404386887; -8.45303843273e-09
171686.0579329899; -8.424128116e-09
171760.1073515635; -8.33973852921e-09
171834.1887081779; -8.20840402423e-09
171908.3020166086; -8.07967137709e-09
171982.4472906369; -7.93550973535e-09
172056.6245440493; -7.79569072797e-09
172130.833790639; -7.75126262733e-09
172205.0750442052; -7.57987395416e-09
172279.348318552; -7.43204203992e-09
172353.6536274905; -7.36575383714e-09
172427.9909848376; -7.21997681737e-09
172502.3604044164; -7.11275731926e-09
172576.7619000546; -6.85881163683e-09
172651.1954855874; -6.81802322293e-09
172725.6611748557; -6.89419701213e-09
172800.1589817054; -6.7719713902e-09
172874.6889199893; -6.67472870468e-09
172949.2510035663; -6.5863365072e-09
173023.8452463002; -6.47125108885e-09
173098.4716620619; -6.37315928763e-09
173173.1302647281; -6.31630755733e-09
173247.8210681806; -6.1908136704e-09
173322.5440863081; -6.17913464623e-09
173397.2993330055; -6.08644550246e-09
173472.0868221724; -5.81359682042e-09
173546.9065677156; -5.68320403194e-09
173621.7585835479; -5.77576640882e-09
173696.6428835869; -5.73587627902e-09
173771.5594817574; -5.66695323952e-09
173846.5083919902; -5.55845993041e-09
173921.489628221; -5.49556658456e-09
173996.5032043926; -5.38593111756e-09
174071.5491344538; -5.32813544634e-09
174146.6274323583; -5.25354769283e-09
174221.738112067; -5.21597277075e-09
174296.8811875463; -5.13290968119e-09
174372.0566727692; -5.07688714054e-09
174447.2645817135; -5.08900662465e-09
174522.5049283642; -4.99796480057e-09
174597.7777267121; -4.91929676293e-09
174673.0829907533; -4.88495930765e-09
174748.4207344908; -4.80966916262e-09
174823.7909719337; -4.6595560318e-09
174899.1937170959; -4.55565824723e-09
174974.6289839988; -4.50521563647e-09
175050.0967866694; -4.43773492645e-09
175125.5971391401; -4.43417832427e-09
175201.13005545; -4.38185580458e-09
175276.6955496446; -4.31278890266e-09
175352.2936357743; -4.25106655092e-09
175427.9243278966; -4.15250953998e-09
175503.5876400748; -4.14539682923e-09
175579.2835863778; -4.09860672061e-09
175655.0121808811; -4.10870215845e-09
175730.7734376664; -4.12250537774e-09
175806.5673708206; -4.01900449575e-09
175882.3939944375; -4.00631186135e-09
175958.2533226172; -3.89108191825e-09
176034.1453694646; -3.85533128836e-09
176110.0701490919; -3.9074403888e-09
176186.0276756173; -3.84300807621e-09
176262.0179631641; -3.75820679072e-09
176338.0410258627; -3.82551319002e-09
176414.0968778495; -3.70500158911e-09
176490.1855332663; -3.70267093543e-09
176566.3070062616; -3.63614686301e-09
176642.4613109899; -3.65322348971e-09
176718.6484616121; -3.52922316263e-09
176794.8684722942; -3.48593880698e-09
176871.1213572094; -3.48182618754e-09
176947.4071305368; -3.47751382652e-09
177023.7258064608; -3.39641805431e-09
177100.0773991728; -3.42478597522e-09
177176.4619228705; -3.35944587477e-09
177252.8793917564; -3.35066395631e-09
177329.3298200405; -3.31171830479e-09
177405.8132219387; -3.17315828728e-09
177482.3296116721; -3.27446662326e-09
177558.8790034689; -3.23301635101e-09
177635.4614115636; -3.19023858802e-09
177712.0768501954; -3.15091922787e-09
177788.7253336112; -3.11654600693e-09
177865.4068760636; -3.02455049447e-09
177942.1214918107; -3.00559898878e-09
178018.8691951175; -2.95776326579e-09
178095.6500002552; -2.95106324099e-09
178172.4639215003; -2.98906311457e-09
178249.3109731362; -2.90069346121e-09
178326.1911694527; -2.9041507081e-09
178403.1045247446; -2.90288713817e-09
178480.051053314; -2.87197129533e-09
178557.0307694688; -2.82013275548e-09
178634.0436875233; -2.7524158759e-09
178711.0898217971; -2.72125935218e-09
178788.1691866169; -2.75651028134e-09
178865.2817963156; -2.71224838105e-09
178942.4276652313; -2.66658259123e-09
179019.6068077093; -2.65733002071e-09
179096.819238101; -2.63961054318e-09
179174.064970763; -2.61131817753e-09
179251.3440200593; -2.58360221757e-09
179328.6564003598; -2.52609359011e-09
179406.0021260398; -2.52522877852e-09
179483.3812114816; -2.48823456724e-09
179560.7936710741; -2.43660124877e-09
179638.2395192109; -2.4407311387e-09
179715.7187702931; -2.37550825138e-09
179793.2314387281; -2.39848211884e-09
179870.7775389283; -2.42157278079e-09
179948.3570853132; -2.37388901187e-09
180025.970092309; -2.31964690612e-09
180103.6165743467; -2.32035455877e-09
180181.2965458646; -2.27671397742e-09
180259.0100213074; -2.24112825446e-09
180336.7570151249; -2.22939967448e-09
180414.5375417741; -2.21751857809e-09
180492.3516157183; -2.17258530317e-09
180570.1992514259; -2.15653557696e-09
180648.0804633729; -2.171102528e-09
180725.9952660412; -2.11094570481e-09
180803.9436739179; -2.07284868786e-09
180881.9257014977; -2.06831244158e-09
180959.941363281; -2.04237650413e-09
181037.9906737747; -2.07858408964e-09
181116.0736474911; -1.9914558495e-09
181194.1902989497; -1.98990611057e-09
181272.3406426764; -1.94926715138e-09
181350.5246932021; -1.94688463625e-09
181428.7424650652; -1.89182911799e-09
181506.9939728103; -1.93513414324e-09
181585.2792309872; -1.91639205785e-09
181663.598254153; -1.86048373111e-09
181741.9510568713; -1.86450300618e-09
181820.3376537106; -1.87961396511e-09
181898.7580592469; -1.85588451378e-09
181977.2122880626; -1.83602999397e-09
182055.7003547451; -1.8338350111e-09
182134.2222738894; -1.80367168419e-09
182212.7780600965; -1.82157401395e-09
182291.3677279729; -1.75389101302e-09
182369.9912921323; -1.76824147061e-09
182448.6487671948; -1.77266978258e-09
182527.3401677857; -1.73401151224e-09
182606.0655085377; -1.80113508431e-09
182684.8248040897; -1.75983399808e-09
182763.6180690861; -1.70335458927e-09
182842.4453181783; -1.6518617716e-09
182921.3065660241; -1.70049861656e-09
183000.2018272876; -1.6792472304e-09
183079.1311166384; -1.61913054673e-09
183158.0944487534; -1.65152287888e-09
183237.0918383158; -1.51049398754e-09
183316.1233000142; -1.49917339473e-09
183395.1888485443; -1.64170956108e-09
183474.2884986087; -1.75086773402e-09
183553.4222649146; -1.43848083649e-09
183632.5901621771; -1.51671307547e-09
183711.7922051174; -1.40036963574e-09
183791.0284084621; -1.53481352223e-09
183870.2987869452; -1.65511070416e-09
183949.603355307; -1.77724931756e-09
184028.9421282932; -1.77839789877e-09
184108.3151206567; -1.49836285022e-09
184187.7223471571; -1.51666541293e-09
184267.163822559; -1.43154149296e-09
184346.6395616345; -1.45028431566e-09
184426.1495791623; -1.50628946711e-09
184505.6938899261; -1.46668029516e-09
184585.2725087172; -1.48506052508e-09
184664.8854503332; -1.43707049241e-09
184744.5327295772; -1.42897501338e-09
184824.2143612595; -1.46390586365e-09
184903.930360197; -1.43697665442e-09
184983.6807412117; -1.41077627355e-09
185063.4655191333; -1.40812991484e-09
185143.2847087974; -1.35675233581e-09
185223.1383250464; -1.34860826948e-09
185303.026382728; -1.39041043731e-09
185382.9488966974; -1.38040818762e-09
185462.9058818161; -1.35969053079e-09
185542.8973529512; -1.36670667302e-09
185622.9233249771; -1.34079025547e-09
185702.9838127746; -1.31981980842e-09
185783.0788312298; -1.34520946357e-09
185863.2083952364; -1.31865601868e-09
185943.3725196946; -1.33196427976e-09
186023.5712195098; -1.28312309442e-09
186103.804509595; -1.3715420724e-09
186184.0724048695; -1.27927537454e-09
186264.3749202581; -1.29836266351e-09
186344.7120706931; -1.2941794875e-09
186425.0838711131; -1.25204286328e-09
186505.4903364622; -1.27310036259e-09
186585.9314816921; -1.23923726464e-09
186666.4073217607; -1.27770261038e-09
186746.9178716314; -1.25038404035e-09
186827.4631462753; -1.22438662521e-09
186908.0431606696; -1.2096126845e-09
186988.6579297973; -1.19938799916e-09
187069.3074686485; -1.17546744775e-09
187149.9917922198; -1.22329577891e-09
187230.7109155144; -1.21578851498e-09
187311.464853541; -1.18087193597e-09
187392.2536213157; -1.16224147142e-09
187473.0772338612; -1.1599034884e-09
187553.9357062056; -1.14691696827e-09
187634.8290533846; -1.16070138622e-09
187715.7572904402; -1.17048696126e-09
187796.7204324201; -1.10301336188e-09
187877.7184943792; -1.17976855545e-09
187958.7514913792; -1.11239127466e-09
188039.8194384872; -1.08287020498e-09
188120.9223507776; -1.12946403362e-09
188202.0602433317; -1.1187253638e-09
188283.2331312358; -1.11838319694e-09
188364.4410295842; -1.14706427979e-09
188445.6839534773; -1.09049371355e-09
188526.9619180214; -1.10783462121e-09
188608.2749383299; -1.10656885811e-09
188689.6230295232; -1.06280975147e-09
188771.0062067267; -1.1231847989e-09
188852.4244850737; -1.01777565914e-09
188933.8778797039; -1.18971705668e-09
189015.3664057626; -1.10783781413e-09
189096.8900784024; -1.12555098705e-09
189178.4489127827; -1.25156508184e-09
189260.0429240684; -1.21642344912e-09
189341.6721274317; -9.76878311191e-10
189423.3365380518; -1.18037335372e-09
189505.0361711129; -9.46307621942e-10
189586.7710418072; -1.16649929043e-09
189668.5411653329; -9.47412477079e-10
189750.3465568952; -1.25386889878e-09
189832.1872317046; -1.12750090894e-09
189914.0632049794; -1.00902307676e-09
189995.9744919446; -9.41257747333e-10
190077.9211078304; -1.04057550955e-09
190159.9030678747; -1.01660460879e-09
190241.9203873223; -9.31995823006e-10
190323.973081423; -9.83866223292e-10
190406.0611654346; -9.84240288078e-10
190488.1846546213; -1.00745524881e-09
190570.343564253; -9.86732924445e-10
190652.5379096071; -9.62780156446e-10
190734.7677059677; -9.9824596698e-10
190817.0329686243; -9.59228834131e-10
190899.333712874; -9.86809566924e-10
190981.6699540208; -9.05520207781e-10
191064.041707374; -9.31567547381e-10
191146.4489882506; -9.39798309821e-10
191228.8918119742; -9.45816356522e-10
191311.3701938741; -9.37203525137e-10
191393.884149287; -9.16595895812e-10
191476.4336935564; -9.33642599081e-10
191559.0188420314; -9.21342149734e-10
191641.6396100686; -9.15765087838e-10
191724.296013031; -9.10010366101e-10
191806.9880662887; -9.00268054761e-10
191889.715785217; -9.30823697941e-10
191972.4791851992; -8.94688874668e-10
192055.2782816251; -9.33627065638e-10
192138.1130898902; -8.88233348497e-10
192220.9836253976; -8.99135975486e-10
192303.8899035571; -9.33363765668e-10
192386.8319397839; -8.8619668052e-10
192469.8097495013; -9.53581265653e-10
192552.8233481388; -8.7044030269e-10
192635.8727511318; -1.06342660283e-09
192718.9579739234; -1.03666150073e-09
192802.0790319631; -9.99333370426e-10
192885.2359407064; -4.98863941782e-10
192968.4287156162; -7.4420299746e-10
193051.6573721622; -6.36066582621e-10
193134.9219258197; -1.19583848263e-09
193218.2223920716; -4.59048536211e-10
193301.558786408; -8.27229152913e-10
193384.9311243238; -7.16345618183e-10
193468.3394213223; -7.9839948387e-10
193551.7836929132; -8.888010502e-10
193635.263954612; -7.18203401638e-10
193718.7802219416; -7.24150316921e-10
193802.3325104321; -7.58358199803e-10
193885.9208356188; -7.19569988405e-10
193969.5452130451; -7.08953611641e-10
194053.2056582607; -7.63779283694e-10
194136.9021868214; -8.3686577936e-10
194220.6348142905; -7.31147670305e-10
194304.4035562377; -7.6638397829e-10
194388.2084282398; -8.23179342065e-10
194472.0494458792; -7.43584833938e-10
194555.9266247461; -7.64471465381e-10
194639.8399804376; -7.81166985386e-10
194723.7895285562; -7.8614207953e-10
194807.7752847123; -7.45914587854e-10
194891.7972645231; -7.66151813936e-10
194975.8554836113; -7.32672209561e-10
195059.9499576076; -7.44461942318e-10
195144.0807021494; -7.78270691963e-10
195228.2477328796; -7.29973570756e-10
195312.4510654492; -7.45259727668e-10
195396.6907155157; -7.64600875326e-10
195480.9666987423; -7.12180893603e-10
195565.2790308003; -7.51398024207e-10
195649.6277273675; -6.96518035093e-10
195734.0128041273; -6.94831775582e-10
195818.4342767713; -6.77552733006e-10
195902.8921609977; -7.03713699174e-10
195987.3864725101; -7.3127616174e-10
196071.9172270204; -7.12500653824e-10
196156.484440247; -6.75492202513e-10
196241.0881279141; -7.25667414371e-10
196325.7283057538; -6.58686173875e-10
196410.4049895046; -7.01552444992e-10
196495.118194912; -6.86274360971e-10
196579.8679377274; -6.79215136249e-10
196664.6542337099; -6.95671612448e-10
196749.4770986257; -6.71732759564e-10
196834.3365482464; -6.51073043846e-10
196919.2325983516; -6.63167946885e-10
197004.1652647277; -6.83634319359e-10
197089.1345631669; -6.79747997054e-10
197174.1405094691; -6.54385403583e-10
197259.1831194414; -6.39651777337e-10
197344.2624088961; -6.76413618069e-10
197429.3783936538; -6.55492739322e-10
197514.5310895419; -6.46295935484e-10
197599.7205123933; -6.5142870094e-10
197684.946678049; -6.53019972764e-10
197770.2096023568; -6.06889060695e-10
197855.5093011703; -6.4471733535e-10
197940.8457903508; -6.5760366915e-10
198026.2190857669; -6.08206091657e-10
198111.6292032925; -6.06864029733e-10
198197.0761588095; -5.90757124719e-10
198282.5599682069; -6.03574520277e-10
198368.0806473792; -6.08687147244e-10
198453.6382122291; -6.02169755983e-10
198539.232678666; -6.29949068153e-10
198624.8640626049; -5.86971657318e-10
198710.5323799691; -6.05476960817e-10
198796.2376466887; -6.43106268696e-10
198881.9798786993; -6.18284565183e-10
198967.7590919448; -5.95994406623e-10
199053.5753023753; -6.11642419011e-10
199139.4285259486; -6.16701335008e-10
199225.3187786277; -5.9542218735e-10
199311.246076384; -5.86221222098e-10
199397.2104351958; -5.93801379491e-10
199483.2118710468; -5.42846471308e-10
199569.2503999292; -5.95611137991e-10
199655.3260378418; -6.1518905505e-10
199741.4388007891; -5.62602460599e-10
199827.5887047839; -5.64605331155e-10
199913.7757658458; -5.64759184715e-10
200000; -5.26274387808e-10
