% Module: Sweep, ID: c0p1t8p1cfm0
% Devices: DEV30370
% Time: 2025/12/04 16:32:43
% Demod 1 Sample X, /dev30370/demods/0/sample.X
% Frequency (Hz); Demod 1 Sample X  Amplitude (V)
% Demod 1 Sample Y, /dev30370/demods/0/sample.Y
% Frequency (Hz); Demod 1 Sample Y  Amplitude (V)
156688.5255184849; -1.59764372409e-06
156737.4982845969; -1.58891818008e-06
156786.4863570741; -1.54968337562e-06
156835.4897407008; -1.47296814776e-06
156884.5084402622; -1.63920922232e-06
156933.5424605455; -1.5783414782e-06
156982.591806339; -1.527842545e-06
157031.6564824328; -1.53019968053e-06
157080.7364936183; -1.64268184734e-06
157129.8318446881; -1.56426429931e-06
157178.9425404373; -1.59901428837e-06
157228.0685856616; -1.63520053479e-06
157277.2099851584; -1.5462943653e-06
157326.3667437268; -1.65012085309e-06
157375.538866167; -1.547275942e-06
157424.7263572812; -1.75222433739e-06
157473.9292218727; -1.85152487817e-06
157523.1474647465; -1.79824438989e-06
157572.381090709; -1.8986218152e-06
157621.6301045684; -1.87105117386e-06
157670.8945111338; -1.95465906206e-06
157720.1743152165; -1.98941710116e-06
157769.4695216288; -2.03455376403e-06
157818.7801351847; -2.10278148243e-06
157868.1061606996; -2.16801716939e-06
157917.4476029907; -2.46218833022e-06
157966.804466876; -2.47623189869e-06
158016.1767571761; -2.42475755854e-06
158065.5644787124; -2.59399665802e-06
158114.9676363076; -2.78395898327e-06
158164.3862347865; -2.67035721381e-06
158213.820278975; -2.81660450246e-06
158263.2697737007; -3.06096063138e-06
158312.7347237925; -3.10620928976e-06
158362.2151340811; -3.04501689965e-06
158411.7110093985; -3.22271048577e-06
158461.2223545782; -3.55552803387e-06
158510.7491744554; -3.59390647803e-06
158560.2914738666; -3.70160862194e-06
158609.8492576501; -3.69220587521e-06
158659.4225306453; -3.86365403639e-06
158709.0112976934; -4.09045054857e-06
158758.615563637; -4.29252290369e-06
158808.2353333203; -4.35613882751e-06
158857.8706115887; -4.44469784614e-06
158907.52140329; -4.63907576816e-06
158957.1877132725; -4.55724030015e-06
159006.8695463866; -4.73848495517e-06
159056.5669074838; -4.86086985291e-06
159106.2798014174; -4.84630091615e-06
159156.0082330423; -5.10179754392e-06
159205.7522072147; -5.35970577724e-06
159255.5117287925; -5.27335205971e-06
159305.2868026348; -5.60183539289e-06
159355.0774336026; -5.68260490563e-06
159404.8836265581; -5.70042535558e-06
159454.7053863654; -5.66084845358e-06
159504.5427178898; -5.7703876531e-06
159554.3956259982; -5.83266768072e-06
159604.2641155591; -5.96545458848e-06
159654.1481914423; -6.04602784463e-06
159704.0478585191; -6.19902712348e-06
159753.9631216631; -6.20071904323e-06
159803.8939857485; -6.38217887536e-06
159853.8404556514; -6.60772968711e-06
159903.8025362493; -6.62984580577e-06
159953.7802324214; -6.62125129534e-06
160003.7735490483; -6.65399353259e-06
160053.782491012; -6.97722476942e-06
160103.8070631964; -7.09778013277e-06
160153.8472704865; -7.10243076735e-06
160203.9031177692; -6.97133995125e-06
160253.9746099327; -7.29482685047e-06
160304.0617518667; -7.45376271457e-06
160354.1645484626; -7.2627882577e-06
160404.2830046132; -7.3811715778e-06
160454.4171252129; -7.61217791113e-06
160504.5669151576; -7.77552755044e-06
160554.7323793444; -7.77638749506e-06
160604.9135226729; -8.04793632451e-06
160655.1103500433; -8.16665004903e-06
160705.3228663576; -8.2377474617e-06
160755.5510765193; -8.24495131211e-06
160805.7949854336; -8.44500234197e-06
160856.054598007; -8.40870598034e-06
160906.3299191478; -8.17814157687e-06
160956.6209537656; -8.38548718174e-06
161006.9277067715; -8.5152434531e-06
161057.2501830785; -8.39201265424e-06
161107.5883876008; -8.87320834386e-06
161157.9423252542; -9.01000758224e-06
161208.3120009561; -8.91807201029e-06
161258.6974196254; -9.09201979868e-06
161309.0985861825; -9.12223608448e-06
161359.5155055494; -9.2298043156e-06
161409.9481826493; -9.30136428269e-06
161460.3966224079; -9.4165908686e-06
161510.8608297515; -9.56016706995e-06
161561.3408096082; -9.5206625596e-06
161611.8365669077; -9.63302902904e-06
161662.3481065812; -9.8093817244e-06
161712.8754335615; -1.00211360512e-05
161763.4185527828; -1.00918577559e-05
161813.977469181; -1.01679125862e-05
161864.5521876935; -1.01259697348e-05
161915.1427132592; -1.023315932e-05
161965.7490508186; -1.05788191582e-05
162016.3712053137; -1.07751256243e-05
162067.0091816881; -1.09323911922e-05
162117.6629848868; -1.10818126078e-05
162168.3326198565; -1.11109801548e-05
162219.0180915455; -1.10769463848e-05
162269.7194049031; -1.09838383854e-05
162320.4365648813; -1.09427439618e-05
162371.1695764325; -1.15068032923e-05
162421.9184445112; -1.17754817224e-05
162472.6831740733; -1.16276449317e-05
162523.4637700763; -1.17979494576e-05
162574.2602374792; -1.19673074862e-05
162625.0725812427; -1.22186641579e-05
162675.9008063287; -1.256284884e-05
162726.7449177011; -1.24187151877e-05
162777.604920325; -1.25919524568e-05
162828.4808191672; -1.28116602283e-05
162879.3726191962; -1.30537974827e-05
162930.2803253817; -1.3115845293e-05
162981.2039426952; -1.30820376293e-05
163032.1434761097; -1.32159421419e-05
163083.0989305999; -1.34189827941e-05
163134.0703111416; -1.34689132883e-05
163185.0576227125; -1.42153385218e-05
163236.0608702922; -1.43406020452e-05
163287.0800588612; -1.41439498385e-05
163338.1151934019; -1.40356133863e-05
163389.1662788981; -1.46660682567e-05
163440.2333203354; -1.48769440121e-05
163491.3163227007; -1.49085142332e-05
163542.4152909826; -1.49303024154e-05
163593.5302301711; -1.49036577643e-05
163644.6611452581; -1.52774844761e-05
163695.8080412367; -1.52725376351e-05
163746.9709231017; -1.52982360239e-05
163798.1497958495; -1.52158678427e-05
163849.344664478; -1.57629709574e-05
163900.5555339867; -1.59819225535e-05
163951.7824093768; -1.6072645154e-05
164003.0252956506; -1.6482162535e-05
164054.2841978122; -1.67990080881e-05
164105.559120868; -1.66275955351e-05
164156.8500698248; -1.64495935206e-05
164208.1570496916; -1.70066862715e-05
164259.4800654789; -1.6609460017e-05
164310.8191221985; -1.72329855612e-05
164362.1742248642; -1.703590159e-05
164413.5453784909; -1.73710216861e-05
164464.9325880955; -1.75474498873e-05
164516.3358586962; -1.7275814799e-05
164567.7551953128; -1.7877778855e-05
164619.1906029668; -1.81216348234e-05
164670.6420866811; -1.81311341707e-05
164722.1096514802; -1.84255678688e-05
164773.5933023904; -1.88132616356e-05
164825.0930444393; -1.85335143932e-05
164876.6088826561; -1.87896804675e-05
164928.1408220713; -1.85604298667e-05
164979.6888677181; -1.82131461521e-05
165031.25302463; -1.86740061345e-05
165082.8332978427; -1.86280180472e-05
165134.4296923932; -1.95152720074e-05
165186.0422133203; -1.89830333896e-05
165237.6708656641; -1.87969339696e-05
165289.3156544667; -1.95035378618e-05
165340.9765847713; -1.90704309688e-05
165392.653661623; -1.98098798097e-05
165444.3468900684; -2.01868593189e-05
165496.0562751556; -1.99437530036e-05
165547.7818219344; -1.97905860252e-05
165599.5235354561; -2.01128372131e-05
165651.2814207736; -2.02442366926e-05
165703.0554829413; -2.02824251087e-05
165754.8457270153; -2.0134510638e-05
165806.6521580528; -2.01196341543e-05
165858.4747811139; -2.01055781876e-05
165910.3136012589; -2.04662072908e-05
165962.1686235502; -2.08990540556e-05
166014.0398530517; -2.12197408318e-05
166065.927294829; -2.11776074234e-05
166117.8309539493; -2.09555865272e-05
166169.7508354812; -2.13303684915e-05
166221.686944495; -2.17404866291e-05
166273.6392860626; -2.17846109253e-05
166325.6078652575; -2.20760196866e-05
166377.5926871546; -2.22673575707e-05
166429.5937568307; -2.21446047801e-05
166481.611079364; -2.22023242513e-05
166533.6446598342; -2.22187683198e-05
166585.6945033227; -2.27567469725e-05
166637.7606149126; -2.2684300149e-05
166689.8429996881; -2.28114255245e-05
166741.941662736; -2.30323440934e-05
166794.0566091437; -2.3262502469e-05
166846.1878440005; -2.34253926094e-05
166898.3353723975; -2.35023676128e-05
166950.499199427; -2.3631205944e-05
167002.6793301833; -2.42132100007e-05
167054.875769762; -2.43838900583e-05
167107.0885232604; -2.39793248654e-05
167159.3175957774; -2.44817556345e-05
167211.5629924136; -2.46029508883e-05
167263.8247182709; -2.46751825935e-05
167316.1027784531; -2.49205318747e-05
167368.3971780654; -2.4929874628e-05
167420.7079222147; -2.51091174659e-05
167473.0350160094; -2.52516335292e-05
167525.3784645597; -2.50970564414e-05
167577.7382729771; -2.57519473126e-05
167630.1144463746; -2.59471582674e-05
167682.5069898677; -2.63427274465e-05
167734.9159085725; -2.63347660104e-05
167787.3412076071; -2.67185038557e-05
167839.782892091; -2.68643459392e-05
167892.2409671457; -2.69399926264e-05
167944.7154378938; -2.70959234144e-05
167997.2063094599; -2.71617750767e-05
168049.71358697; -2.7190151604e-05
168102.2372755518; -2.7501642643e-05
168154.7773803345; -2.76921858055e-05
168207.3339064489; -2.78296420333e-05
168259.9068590276; -2.80940105749e-05
168312.4962432046; -2.81680679363e-05
168365.1020641156; -2.83586208529e-05
168417.7243268978; -2.82692224554e-05
168470.3630366902; -2.8607534894e-05
168523.0181986329; -2.85292967973e-05
168575.6898178686; -2.87639582625e-05
168628.3778995408; -2.89386639304e-05
168681.0824487946; -2.89338926039e-05
168733.8034707771; -2.90723448632e-05
168786.5409706369; -2.90327456326e-05
168839.2949535239; -2.90992184412e-05
168892.06542459; -2.94473799045e-05
168944.8523889885; -2.93528083246e-05
168997.6558518743; -2.97464424374e-05
169050.4758184042; -2.98238113054e-05
169103.3122937361; -2.99867798896e-05
169156.1652830301; -3.02526506754e-05
169209.0347914474; -3.03007304231e-05
169261.9208241511; -3.0197780979e-05
169314.8233863058; -3.00324490894e-05
169367.7424830778; -3.00479689892e-05
169420.6781196347; -3.00435169616e-05
169473.6303011465; -3.031342793e-05
169526.5990327841; -3.03806463373e-05
169579.5843197201; -3.02821287075e-05
169632.5861671289; -3.03736867499e-05
169685.6045801865; -3.04116431249e-05
169738.6395640704; -3.04981171818e-05
169791.6911239598; -3.05785362531e-05
169844.7592650355; -3.0491958192e-05
169897.84399248; -3.08195555501e-05
169950.9453114772; -3.05632872932e-05
170004.0632272129; -3.06670566668e-05
170057.1977448743; -3.06717613013e-05
170110.3488696503; -3.06165770655e-05
170163.5166067316; -3.07328341747e-05
170216.7009613101; -3.06833015407e-05
170269.9019385797; -3.08730018576e-05
170323.1195437355; -3.07910833037e-05
170376.3537819751; -3.08229593091e-05
170429.6046584969; -3.07292810492e-05
170482.8721785011; -3.04430241994e-05
170536.1563471897; -3.05538280199e-05
170589.457169766; -3.06486685417e-05
170642.7746514354; -3.05989059233e-05
170696.1087974046; -3.07592917357e-05
170749.4596128819; -3.04988661886e-05
170802.8271030774; -3.05948650356e-05
170856.2112732028; -3.06134256784e-05
170909.6121284713; -3.03202058331e-05
170963.0296740979; -3.04923719173e-05
171016.4639152991; -3.06250289079e-05
171069.9148572931; -3.03828888331e-05
171123.3825052996; -3.0514112093e-05
171176.8668645403; -3.06059253278e-05
171230.367940238; -3.04552964641e-05
171283.8857376172; -3.02920702784e-05
171337.4202619048; -3.03266569749e-05
171390.9715183286; -3.02440691509e-05
171444.5395121181; -3.01554550746e-05
171498.1242485046; -3.01103184118e-05
171551.7257327209; -3.01313589386e-05
171605.3439700015; -2.99423329453e-05
171658.9789655826; -3.00628299017e-05
171712.6307247021; -2.98000395803e-05
171766.2992525991; -2.98707260881e-05
171819.984554515; -2.95053257759e-05
171873.6866356923; -2.96769133733e-05
171927.4055013753; -2.97284003467e-05
171981.1411568101; -2.93899935993e-05
172034.8936072442; -2.93558334964e-05
172088.662857927; -2.93136437965e-05
172142.4489141093; -2.92401197358e-05
172196.2517810432; -2.92577039728e-05
172250.0714639837; -2.91446950862e-05
172303.9079681863; -2.88860114631e-05
172357.7612989083; -2.87743278961e-05
172411.6314614089; -2.87559840757e-05
172465.5184609489; -2.850951954e-05
172519.4223027906; -2.83720747115e-05
172573.3429921981; -2.82611712937e-05
172627.280534437; -2.83402598747e-05
172681.2349347748; -2.81481183963e-05
172735.2061984802; -2.79121539989e-05
172789.194330824; -2.76404280685e-05
172843.1993370785; -2.7500889053e-05
172897.2212225175; -2.75992120715e-05
172951.2599924167; -2.71053567161e-05
173005.3156520532; -2.70306911355e-05
173059.3882067059; -2.70252802123e-05
173113.4776616549; -2.66013564233e-05
173167.5840221831; -2.59355342957e-05
173221.7072935741; -2.59172548757e-05
173275.8474811132; -2.57398326407e-05
173330.0045900875; -2.62355899809e-05
173384.1786257859; -2.60614407063e-05
173438.3695934988; -2.5476501086e-05
173492.5774985182; -2.5096929521e-05
173546.8023461378; -2.50344470671e-05
173601.0441416532; -2.46866812312e-05
173655.3028903611; -2.45399830225e-05
173709.5785975605; -2.42210437525e-05
173763.8712685517; -2.39545710936e-05
173818.1809086365; -2.38384932007e-05
173872.5075231188; -2.38549319808e-05
173926.8511173038; -2.37271196485e-05
173981.2116964985; -2.35330484509e-05
174035.5892660112; -2.30394222573e-05
174089.9838311529; -2.28088530944e-05
174144.3953972352; -2.25784886493e-05
174198.8239695718; -2.23058978384e-05
174253.2695534778; -2.20150438251e-05
174307.7321542703; -2.17213332209e-05
174362.2117772679; -2.16343548316e-05
174416.7084277908; -2.14548174326e-05
174471.2221111609; -2.11052395726e-05
174525.7528327018; -2.12214272869e-05
174580.3005977389; -2.09005612944e-05
174634.8654115989; -2.07741079508e-05
174689.4472796105; -2.04621895543e-05
174744.046207104; -2.02690457571e-05
174798.6621994113; -1.99322389708e-05
174853.2952618658; -1.99235929871e-05
174907.945399803; -2.01554676089e-05
174962.6126185593; -2.00264133955e-05
175017.2969234741; -2.00612860743e-05
175071.9983198872; -1.95662143982e-05
175126.7168131406; -1.93823666406e-05
175181.4524085778; -1.91118844715e-05
175236.2051115442; -1.89328657422e-05
175290.9749273866; -1.87548021478e-05
175345.7618614537; -1.85611787559e-05
175400.5659190957; -1.85073708428e-05
175455.3871056646; -1.74276898919e-05
175510.225426514; -1.78682564152e-05
175565.0808869992; -1.76949767218e-05
175619.9534924772; -1.73144061874e-05
175674.8432483065; -1.7272135517e-05
175729.7501598476; -1.69647034048e-05
175784.6742324624; -1.72347823078e-05
175839.6154715146; -1.72185608788e-05
175894.5738823691; -1.68811189617e-05
175949.5494703938; -1.6831883298e-05
176004.5422409569; -1.68167506818e-05
176059.5521994289; -1.68968378209e-05
176114.5793511817; -1.65099576375e-05
176169.6237015891; -1.63883114636e-05
176224.6852560266; -1.6348704183e-05
176279.7640198712; -1.63276369206e-05
176334.8599985017; -1.64932406313e-05
176389.9731972985; -1.62790783421e-05
176445.1036216438; -1.59639042605e-05
176500.2512769215; -1.62733075173e-05
176555.4161685169; -1.59175738993e-05
176610.5983018174; -1.58029930798e-05
176665.7976822117; -1.57707580542e-05
176721.0143150905; -1.59289315143e-05
176776.2482058459; -1.55763412921e-05
176831.4993598718; -1.54267778549e-05
176886.7677825637; -1.49360497952e-05
176942.0534793194; -1.49756415633e-05
176997.3564555375; -1.50209700171e-05
177052.6767166188; -1.52470409675e-05
177108.0142679656; -1.49994302111e-05
177163.3691149819; -1.44803887906e-05
177218.7412630735; -1.44297111111e-05
177274.1307176478; -1.43430174701e-05
177329.537484114; -1.39806807584e-05
177384.9615678828; -1.40128802933e-05
177440.4029743667; -1.41131002433e-05
177495.8617089799; -1.39793148361e-05
177551.3377771384; -1.39733260137e-05
177606.8311842596; -1.36591879201e-05
177662.3419357628; -1.41212720382e-05
177717.870037069; -1.39854911012e-05
177773.4154936009; -1.40490831687e-05
177828.9783107825; -1.37714923395e-05
177884.5584940404; -1.3297975688e-05
177940.1560488022; -1.3094994853e-05
177995.7709804971; -1.28009427388e-05
178051.4032945565; -1.28279688563e-05
178107.052996413; -1.29377884559e-05
178162.7200915013; -1.25822329966e-05
178218.4045852574; -1.23291248819e-05
178274.1064831195; -1.22231707143e-05
178329.8257905271; -1.21748275479e-05
178385.5625129216; -1.21894852702e-05
178441.3166557459; -1.18926570656e-05
178497.0882244448; -1.16629430878e-05
178552.8772244647; -1.16545488883e-05
178608.6836612538; -1.13165907693e-05
178664.5075402619; -1.1068888642e-05
178720.3488669405; -1.10896162747e-05
178776.2076467426; -1.13803724535e-05
178832.0838851237; -1.10362482936e-05
178887.9775875402; -1.09038507848e-05
178943.8887594505; -1.06087249591e-05
178999.8174063145; -1.05015318483e-05
179055.7635335942; -1.04565028915e-05
179111.7271467529; -8.93875022634e-06
179167.7082512558; -9.61964591684e-06
179223.7068525699; -9.8600376041e-06
179279.7229561636; -9.73030977232e-06
179335.7565675075; -9.67267861649e-06
179391.8076920734; -9.70672601875e-06
179447.8763353351; -9.49083091319e-06
179503.962502768; -9.38467149876e-06
179560.0661998494; -9.37025868587e-06
179616.187432058; -9.22363627686e-06
179672.3262048744; -9.08760384937e-06
179728.4825237806; -8.95488310475e-06
179784.6563942613; -8.88547402751e-06
179840.8478218018; -8.63233394768e-06
179897.0568118897; -8.60287418986e-06
179953.2833700139; -8.38678776351e-06
180009.5275016655; -8.2175682897e-06
180065.7892123369; -8.21131769393e-06
180122.0685075225; -7.94306856042e-06
180178.3653927183; -8.01770217584e-06
180234.6798734221; -7.76823450318e-06
180291.0119551331; -7.62355638577e-06
180347.3616433528; -7.59342917931e-06
180403.7289435838; -7.57026708358e-06
180460.1138613309; -7.3461394846e-06
180516.5164021004; -7.25398009789e-06
180572.9365714002; -7.46154834234e-06
180629.3743747403; -7.29136779888e-06
180685.829817632; -7.25556525171e-06
180742.3029055882; -7.1870600124e-06
180798.7936441246; -6.8409973193e-06
180855.3020387576; -6.97364767009e-06
180911.8280950054; -7.19708860608e-06
180968.3718183882; -6.72624932915e-06
181024.9332144278; -6.85162719848e-06
181081.5122886478; -6.49969931287e-06
181138.1090465735; -6.72662444951e-06
181194.7234937319; -6.37396318714e-06
181251.3556356518; -6.59147394267e-06
181308.0054778635; -6.41387542935e-06
181364.6730258993; -6.35504822482e-06
181421.3582852932; -6.44477485257e-06
181478.0612615808; -6.28604294255e-06
181534.7819602995; -6.15601150066e-06
181591.5203869884; -6.12996378687e-06
181648.2765471883; -5.9699967531e-06
181705.0504464415; -6.06182973104e-06
181761.8420902931; -5.95370898477e-06
181818.6514842886; -5.46073837047e-06
181875.4786339759; -5.81717516284e-06
181932.3235449045; -5.70364707774e-06
181989.1862226257; -5.58564880834e-06
182046.0666726924; -5.65775623727e-06
182102.9649006593; -5.47577344598e-06
182159.880912083; -5.53195330204e-06
182216.8147125216; -5.69115252601e-06
182273.766307535; -5.49972003919e-06
182330.7357026848; -5.37930117405e-06
182387.7229035347; -5.38543460347e-06
182444.7279156495; -5.10881236516e-06
182501.7507445963; -4.9718500693e-06
182558.7913959436; -5.29073851233e-06
182615.8498752619; -5.14913327938e-06
182672.9261881229; -5.24841366567e-06
182730.020340101; -4.98978680421e-06
182787.1323367717; -4.76538685516e-06
182844.2621837122; -4.85277644311e-06
182901.4098865015; -4.93607343504e-06
182958.5754507205; -4.8911342627e-06
183015.7588819518; -4.56352438882e-06
183072.9601857796; -4.45948295894e-06
183130.1793677901; -4.29274160638e-06
156688.5255184849; -3.25017552462e-05
156737.4982845969; -3.23003636782e-05
156786.4863570741; -3.22262842232e-05
156835.4897407008; -3.19107485946e-05
156884.5084402622; -3.20339669365e-05
156933.5424605455; -3.19250022281e-05
156982.591806339; -3.18208735405e-05
157031.6564824328; -3.17422063823e-05
157080.7364936183; -3.17871227559e-05
157129.8318446881; -3.15197275148e-05
157178.9425404373; -3.14504632209e-05
157228.0685856616; -3.11624834851e-05
157277.2099851584; -3.09544412869e-05
157326.3667437268; -3.08521385493e-05
157375.538866167; -3.10039702777e-05
157424.7263572812; -3.09584042595e-05
157473.9292218727; -3.1189131603e-05
157523.1474647465; -3.09507095914e-05
157572.381090709; -3.10041093026e-05
157621.6301045684; -3.10900940695e-05
157670.8945111338; -3.11252542583e-05
157720.1743152165; -3.08902776074e-05
157769.4695216288; -3.07750950323e-05
157818.7801351847; -3.04864106531e-05
157868.1061606996; -3.03958821938e-05
157917.4476029907; -3.09240358544e-05
157966.804466876; -3.09525018723e-05
158016.1767571761; -3.08758725507e-05
158065.5644787124; -3.08703962283e-05
158114.9676363076; -3.11206647923e-05
158164.3862347865; -3.11861017304e-05
158213.820278975; -3.10626272561e-05
158263.2697737007; -3.12127425034e-05
158312.7347237925; -3.1150714025e-05
158362.2151340811; -3.11007683121e-05
158411.7110093985; -3.12660598926e-05
158461.2223545782; -3.15722614055e-05
158510.7491744554; -3.16324085236e-05
158560.2914738666; -3.15759631336e-05
158609.8492576501; -3.1692780338e-05
158659.4225306453; -3.19253470286e-05
158709.0112976934; -3.21460046468e-05
158758.615563637; -3.22426492602e-05
158808.2353333203; -3.26782440285e-05
158857.8706115887; -3.27111532013e-05
158907.52140329; -3.30035063446e-05
158957.1877132725; -3.30107816465e-05
159006.8695463866; -3.29564499516e-05
159056.5669074838; -3.29680045871e-05
159106.2798014174; -3.31057552586e-05
159156.0082330423; -3.33490652929e-05
159205.7522072147; -3.37020694167e-05
159255.5117287925; -3.38656650818e-05
159305.2868026348; -3.40689729133e-05
159355.0774336026; -3.43125513608e-05
159404.8836265581; -3.42131381781e-05
159454.7053863654; -3.39207254528e-05
159504.5427178898; -3.42193354203e-05
159554.3956259982; -3.41956732816e-05
159604.2641155591; -3.433130732e-05
159654.1481914423; -3.431505563e-05
159704.0478585191; -3.42125264922e-05
159753.9631216631; -3.42687796213e-05
159803.8939857485; -3.45576724791e-05
159853.8404556514; -3.47898410744e-05
159903.8025362493; -3.49616778706e-05
159953.7802324214; -3.50324732009e-05
160003.7735490483; -3.49145607791e-05
160053.782491012; -3.50613712771e-05
160103.8070631964; -3.52485874205e-05
160153.8472704865; -3.50222462941e-05
160203.9031177692; -3.49218571756e-05
160253.9746099327; -3.49512692208e-05
160304.0617518667; -3.48804601995e-05
160354.1645484626; -3.48547238521e-05
160404.2830046132; -3.47887681268e-05
160454.4171252129; -3.49294686404e-05
160504.5669151576; -3.48595019359e-05
160554.7323793444; -3.50226319324e-05
160604.9135226729; -3.51821600918e-05
160655.1103500433; -3.52387714185e-05
160705.3228663576; -3.52646860421e-05
160755.5510765193; -3.52512721987e-05
160805.7949854336; -3.51867824043e-05
160856.054598007; -3.51890697336e-05
160906.3299191478; -3.50990250997e-05
160956.6209537656; -3.51154081171e-05
161006.9277067715; -3.52329508244e-05
161057.2501830785; -3.50048691254e-05
161107.5883876008; -3.51035860086e-05
161157.9423252542; -3.51096181367e-05
161208.3120009561; -3.48085919216e-05
161258.6974196254; -3.48841903672e-05
161309.0985861825; -3.50345714423e-05
161359.5155055494; -3.49679567884e-05
161409.9481826493; -3.48921717228e-05
161460.3966224079; -3.49567552973e-05
161510.8608297515; -3.51657650874e-05
161561.3408096082; -3.51940827377e-05
161611.8365669077; -3.48970641525e-05
161662.3481065812; -3.49449215544e-05
161712.8754335615; -3.51986695008e-05
161763.4185527828; -3.52757218316e-05
161813.977469181; -3.5183489877e-05
161864.5521876935; -3.50559186347e-05
161915.1427132592; -3.50636180036e-05
161965.7490508186; -3.47906879157e-05
162016.3712053137; -3.48745639233e-05
162067.0091816881; -3.48901474008e-05
162117.6629848868; -3.49054065849e-05
162168.3326198565; -3.48633657814e-05
162219.0180915455; -3.47094353415e-05
162269.7194049031; -3.46298689873e-05
162320.4365648813; -3.46162432573e-05
162371.1695764325; -3.45323515022e-05
162421.9184445112; -3.46980657983e-05
162472.6831740733; -3.46953722061e-05
162523.4637700763; -3.45447718407e-05
162574.2602374792; -3.46641107071e-05
162625.0725812427; -3.44421717803e-05
162675.9008063287; -3.46207029824e-05
162726.7449177011; -3.457680444e-05
162777.604920325; -3.43461923239e-05
162828.4808191672; -3.41551193274e-05
162879.3726191962; -3.41058343646e-05
162930.2803253817; -3.41657167714e-05
162981.2039426952; -3.42320256998e-05
163032.1434761097; -3.37929128854e-05
163083.0989305999; -3.38806177766e-05
163134.0703111416; -3.38643416426e-05
163185.0576227125; -3.37332279691e-05
163236.0608702922; -3.37165093765e-05
163287.0800588612; -3.35742646056e-05
163338.1151934019; -3.36564493398e-05
163389.1662788981; -3.35510505078e-05
163440.2333203354; -3.3428407656e-05
163491.3163227007; -3.33212167194e-05
163542.4152909826; -3.29772258259e-05
163593.5302301711; -3.27716538751e-05
163644.6611452581; -3.28198824605e-05
163695.8080412367; -3.26858090145e-05
163746.9709231017; -3.24979270677e-05
163798.1497958495; -3.25761866704e-05
163849.344664478; -3.2388700116e-05
163900.5555339867; -3.25359459628e-05
163951.7824093768; -3.23546597061e-05
164003.0252956506; -3.21130012237e-05
164054.2841978122; -3.19301172974e-05
164105.559120868; -3.19207450469e-05
164156.8500698248; -3.15481203772e-05
164208.1570496916; -3.14129654634e-05
164259.4800654789; -3.16908960985e-05
164310.8191221985; -3.13209735999e-05
164362.1742248642; -3.11548300073e-05
164413.5453784909; -3.08296839761e-05
164464.9325880955; -3.05854075838e-05
164516.3358586962; -3.08429060874e-05
164567.7551953128; -3.07331761547e-05
164619.1906029668; -3.01309156573e-05
164670.6420866811; -3.02066289189e-05
164722.1096514802; -3.01615448458e-05
164773.5933023904; -3.00347959421e-05
164825.0930444393; -3.02579565367e-05
164876.6088826561; -2.98323583969e-05
164928.1408220713; -2.99984948797e-05
164979.6888677181; -2.96919922246e-05
165031.25302463; -2.91020153912e-05
165082.8332978427; -2.93825429004e-05
165134.4296923932; -2.92205377362e-05
165186.0422133203; -2.91832931145e-05
165237.6708656641; -2.89460712648e-05
165289.3156544667; -2.81162508523e-05
165340.9765847713; -2.87317932782e-05
165392.653661623; -2.78474164746e-05
165444.3468900684; -2.83400707868e-05
165496.0562751556; -2.83061470144e-05
165547.7818219344; -2.8437301232e-05
165599.5235354561; -2.81603249092e-05
165651.2814207736; -2.79847832118e-05
165703.0554829413; -2.76785711223e-05
165754.8457270153; -2.74317393987e-05
165806.6521580528; -2.75773477958e-05
165858.4747811139; -2.73783265254e-05
165910.3136012589; -2.67077271367e-05
165962.1686235502; -2.65480920351e-05
166014.0398530517; -2.6209098692e-05
166065.927294829; -2.62643557308e-05
166117.8309539493; -2.64137324893e-05
166169.7508354812; -2.60243764762e-05
166221.686944495; -2.57310759542e-05
166273.6392860626; -2.54338484791e-05
166325.6078652575; -2.53317324203e-05
166377.5926871546; -2.5129952981e-05
166429.5937568307; -2.49009842493e-05
166481.611079364; -2.4526944652e-05
166533.6446598342; -2.43579338918e-05
166585.6945033227; -2.39749801326e-05
166637.7606149126; -2.39247206442e-05
166689.8429996881; -2.37243722327e-05
166741.941662736; -2.32383235997e-05
166794.0566091437; -2.31533891581e-05
166846.1878440005; -2.28639290953e-05
166898.3353723975; -2.25909097517e-05
166950.499199427; -2.22864408789e-05
167002.6793301833; -2.15997990426e-05
167054.875769762; -2.13857367032e-05
167107.0885232604; -2.15500315471e-05
167159.3175957774; -2.07164683923e-05
167211.5629924136; -2.03218056366e-05
167263.8247182709; -2.04835792886e-05
167316.1027784531; -1.99468479816e-05
167368.3971780654; -1.9612188207e-05
167420.7079222147; -1.92612022942e-05
167473.0350160094; -1.90351004363e-05
167525.3784645597; -1.95332842482e-05
167577.7382729771; -1.84096459955e-05
167630.1144463746; -1.77544449333e-05
167682.5069898677; -1.69828286988e-05
167734.9159085725; -1.67290920343e-05
167787.3412076071; -1.64655821446e-05
167839.782892091; -1.58905509548e-05
167892.2409671457; -1.5459772464e-05
167944.7154378938; -1.50474170013e-05
167997.2063094599; -1.46989300107e-05
168049.71358697; -1.43557160347e-05
168102.2372755518; -1.40789397291e-05
168154.7773803345; -1.37311663132e-05
168207.3339064489; -1.29863810561e-05
168259.9068590276; -1.27949645519e-05
168312.4962432046; -1.25748130289e-05
168365.1020641156; -1.1382609191e-05
168417.7243268978; -1.15197834322e-05
168470.3630366902; -1.11624557289e-05
168523.0181986329; -1.05022464808e-05
168575.6898178686; -1.00100131802e-05
168628.3778995408; -9.74940747654e-06
168681.0824487946; -9.2607813013e-06
168733.8034707771; -9.24864506473e-06
168786.5409706369; -9.02240065638e-06
168839.2949535239; -8.68659225204e-06
168892.06542459; -7.20062874572e-06
168944.8523889885; -6.75935810787e-06
168997.6558518743; -6.15546544905e-06
169050.4758184042; -5.12590754717e-06
169103.3122937361; -4.44999130915e-06
169156.1652830301; -4.09225434632e-06
169209.0347914474; -4.37939047265e-06
169261.9208241511; -3.79108276032e-06
169314.8233863058; -3.96140785204e-06
169367.7424830778; -3.63927294912e-06
169420.6781196347; -3.17515205197e-06
169473.6303011465; -2.1634055511e-06
169526.5990327841; -1.70730984402e-06
169579.5843197201; -1.75627997372e-06
169632.5861671289; -1.38979701858e-06
169685.6045801865; -9.71493806388e-07
169738.6395640704; -6.25210824092e-07
169791.6911239598; 1.57570000566e-07
169844.7592650355; -1.2287771329e-07
169897.84399248; 1.37200436185e-06
169950.9453114772; 1.79620655324e-06
170004.0632272129; 1.15827178051e-06
170057.1977448743; 2.77759656826e-06
170110.3488696503; 3.08067307703e-06
170163.5166067316; 2.39064058509e-06
170216.7009613101; 2.80644193722e-06
170269.9019385797; 3.64550809115e-06
170323.1195437355; 4.10199108179e-06
170376.3537819751; 4.32866643198e-06
170429.6046584969; 4.89520065202e-06
170482.8721785011; 4.13164380566e-06
170536.1563471897; 4.52827500315e-06
170589.457169766; 4.92849704969e-06
170642.7746514354; 5.46327936433e-06
170696.1087974046; 5.97293078896e-06
170749.4596128819; 6.27485866791e-06
170802.8271030774; 6.78013739018e-06
170856.2112732028; 6.17961270579e-06
170909.6121284713; 6.71668082199e-06
170963.0296740979; 7.43372197985e-06
171016.4639152991; 8.5409599986e-06
171069.9148572931; 8.1331646222e-06
171123.3825052996; 9.00015567823e-06
171176.8668645403; 8.87772659338e-06
171230.367940238; 9.38148174175e-06
171283.8857376172; 1.01500515335e-05
171337.4202619048; 1.00980386629e-05
171390.9715183286; 1.0065262874e-05
171444.5395121181; 1.10477766636e-05
171498.1242485046; 1.14832264136e-05
171551.7257327209; 1.17677771239e-05
171605.3439700015; 1.23980892676e-05
171658.9789655826; 1.35679396575e-05
171712.6307247021; 1.40053047894e-05
171766.2992525991; 1.3740679704e-05
171819.984554515; 1.42024746669e-05
171873.6866356923; 1.43085145058e-05
171927.4055013753; 1.48917949355e-05
171981.1411568101; 1.52757508959e-05
172034.8936072442; 1.58687045421e-05
172088.662857927; 1.64442847214e-05
172142.4489141093; 1.70022795474e-05
172196.2517810432; 1.71767871959e-05
172250.0714639837; 1.76382166162e-05
172303.9079681863; 1.84738004498e-05
172357.7612989083; 1.83626313805e-05
172411.6314614089; 1.8651142243e-05
172465.5184609489; 1.92166209082e-05
172519.4223027906; 1.99387411158e-05
172573.3429921981; 2.06723681288e-05
172627.280534437; 2.07092084267e-05
172681.2349347748; 2.10434637599e-05
172735.2061984802; 2.12636868518e-05
172789.194330824; 2.1900696692e-05
172843.1993370785; 2.25656138064e-05
172897.2212225175; 2.2674209094e-05
172951.2599924167; 2.33700845086e-05
173005.3156520532; 2.34715717825e-05
173059.3882067059; 2.41629557419e-05
173113.4776616549; 2.45476554795e-05
173167.5840221831; 2.56234283978e-05
173221.7072935741; 2.60840692075e-05
173275.8474811132; 2.66215615669e-05
173330.0045900875; 2.61635760383e-05
173384.1786257859; 2.59661063113e-05
173438.3695934988; 2.74623729942e-05
173492.5774985182; 2.79483053422e-05
173546.8023461378; 2.79945841126e-05
173601.0441416532; 2.803111845e-05
173655.3028903611; 2.82606403433e-05
173709.5785975605; 2.85019173005e-05
173763.8712685517; 2.89535733782e-05
173818.1809086365; 2.96632901112e-05
173872.5075231188; 2.97550555158e-05
173926.8511173038; 2.96554182833e-05
173981.2116964985; 3.005352023e-05
174035.5892660112; 3.07527158476e-05
174089.9838311529; 3.10672557971e-05
174144.3953972352; 3.10957494908e-05
174198.8239695718; 3.13529087173e-05
174253.2695534778; 3.11531717567e-05
174307.7321542703; 3.11888507328e-05
174362.2117772679; 3.1525753767e-05
174416.7084277908; 3.20592199286e-05
174471.2221111609; 3.21695192992e-05
174525.7528327018; 3.20090784292e-05
174580.3005977389; 3.26179111717e-05
174634.8654115989; 3.2892754585e-05
174689.4472796105; 3.30171330735e-05
174744.046207104; 3.30168306974e-05
174798.6621994113; 3.3167961073e-05
174853.2952618658; 3.31104678256e-05
174907.945399803; 3.30852134232e-05
174962.6126185593; 3.30858853963e-05
175017.2969234741; 3.31071031417e-05
175071.9983198872; 3.32315731775e-05
175126.7168131406; 3.34077580558e-05
175181.4524085778; 3.35413701814e-05
175236.2051115442; 3.37474877136e-05
175290.9749273866; 3.36711622372e-05
175345.7618614537; 3.38934313334e-05
175400.5659190957; 3.37839100555e-05
175455.3871056646; 3.4354045525e-05
175510.225426514; 3.40226389677e-05
175565.0808869992; 3.42494207313e-05
175619.9534924772; 3.41556067371e-05
175674.8432483065; 3.41927983578e-05
175729.7501598476; 3.43231478058e-05
175784.6742324624; 3.41877429293e-05
175839.6154715146; 3.43799079115e-05
175894.5738823691; 3.44648321878e-05
175949.5494703938; 3.45976584644e-05
176004.5422409569; 3.44859154328e-05
176059.5521994289; 3.45227185359e-05
176114.5793511817; 3.44834467718e-05
176169.6237015891; 3.44706936197e-05
176224.6852560266; 3.45406958149e-05
176279.7640198712; 3.45981597413e-05
176334.8599985017; 3.43628267143e-05
176389.9731972985; 3.42281550382e-05
176445.1036216438; 3.43181682358e-05
176500.2512769215; 3.43543940274e-05
176555.4161685169; 3.42655635401e-05
176610.5983018174; 3.4583918271e-05
176665.7976822117; 3.43479500542e-05
176721.0143150905; 3.43608062116e-05
176776.2482058459; 3.43554961785e-05
176831.4993598718; 3.41758359722e-05
176886.7677825637; 3.43067009169e-05
176942.0534793194; 3.4498595018e-05
176997.3564555375; 3.44550663076e-05
177052.6767166188; 3.44366093753e-05
177108.0142679656; 3.42451048493e-05
177163.3691149819; 3.4445777848e-05
177218.7412630735; 3.44332928153e-05
177274.1307176478; 3.43637304347e-05
177329.537484114; 3.41405173679e-05
177384.9615678828; 3.41623709493e-05
177440.4029743667; 3.41948574654e-05
177495.8617089799; 3.41733300577e-05
177551.3377771384; 3.40493456101e-05
177606.8311842596; 3.43628151974e-05
177662.3419357628; 3.42924117927e-05
177717.870037069; 3.42375118351e-05
177773.4154936009; 3.43729593122e-05
177828.9783107825; 3.415260313e-05
177884.5584940404; 3.42258840441e-05
177940.1560488022; 3.41722397172e-05
177995.7709804971; 3.38900134134e-05
178051.4032945565; 3.39036921445e-05
178107.052996413; 3.36888899648e-05
178162.7200915013; 3.35232749722e-05
178218.4045852574; 3.36716343694e-05
178274.1064831195; 3.37549085039e-05
178329.8257905271; 3.33150325218e-05
178385.5625129216; 3.27335368518e-05
178441.3166557459; 3.33393465378e-05
178497.0882244448; 3.31467242308e-05
178552.8772244647; 3.30065563129e-05
178608.6836612538; 3.27212628831e-05
178664.5075402619; 3.27639183692e-05
178720.3488669405; 3.27524364191e-05
178776.2076467426; 3.29182358576e-05
178832.0838851237; 3.25124392429e-05
178887.9775875402; 3.24220397018e-05
178943.8887594505; 3.24325645191e-05
178999.8174063145; 3.21953393789e-05
179055.7635335942; 3.22271956998e-05
179111.7271467529; 3.28806054213e-05
179167.7082512558; 3.26330374419e-05
179223.7068525699; 3.18187117801e-05
179279.7229561636; 3.20281609735e-05
179335.7565675075; 3.12442308727e-05
179391.8076920734; 3.15767469847e-05
179447.8763353351; 3.13161530918e-05
179503.962502768; 3.10851674418e-05
179560.0661998494; 3.09138558963e-05
179616.187432058; 3.10216603992e-05
179672.3262048744; 3.0818442411e-05
179728.4825237806; 3.07725193704e-05
179784.6563942613; 3.04806401808e-05
179840.8478218018; 3.04403187965e-05
179897.0568118897; 3.00638073065e-05
179953.2833700139; 3.00324439774e-05
180009.5275016655; 2.98207569889e-05
180065.7892123369; 2.99063227422e-05
180122.0685075225; 2.96903756933e-05
180178.3653927183; 2.94610349554e-05
180234.6798734221; 2.9404321446e-05
180291.0119551331; 2.95669319501e-05
180347.3616433528; 2.91089724519e-05
180403.7289435838; 2.88991533678e-05
180460.1138613309; 2.86187839803e-05
180516.5164021004; 2.87432434393e-05
180572.9365714002; 2.87513504813e-05
180629.3743747403; 2.86236614851e-05
180685.829817632; 2.85182476106e-05
180742.3029055882; 2.84493246504e-05
180798.7936441246; 2.82374159625e-05
180855.3020387576; 2.83130531894e-05
180911.8280950054; 2.83473947415e-05
180968.3718183882; 2.81010762818e-05
181024.9332144278; 2.81413543604e-05
181081.5122886478; 2.78824517408e-05
181138.1090465735; 2.8204137604e-05
181194.7234937319; 2.77444774309e-05
181251.3556356518; 2.77260612776e-05
181308.0054778635; 2.73697243763e-05
181364.6730258993; 2.76001989365e-05
181421.3582852932; 2.74423487121e-05
181478.0612615808; 2.74354890746e-05
181534.7819602995; 2.72792423957e-05
181591.5203869884; 2.73053144359e-05
181648.2765471883; 2.70073610465e-05
181705.0504464415; 2.72731310598e-05
181761.8420902931; 2.69788523692e-05
181818.6514842886; 2.69270626671e-05
181875.4786339759; 2.64811051401e-05
181932.3235449045; 2.63473192628e-05
181989.1862226257; 2.6378333502e-05
182046.0666726924; 2.64549116441e-05
182102.9649006593; 2.62456014168e-05
182159.880912083; 2.61932305249e-05
182216.8147125216; 2.61089725809e-05
182273.766307535; 2.62022859445e-05
182330.7357026848; 2.62436292145e-05
182387.7229035347; 2.60505391822e-05
182444.7279156495; 2.58685974638e-05
182501.7507445963; 2.57329624852e-05
182558.7913959436; 2.56397084099e-05
182615.8498752619; 2.5605857323e-05
182672.9261881229; 2.55122747235e-05
182730.020340101; 2.5408068062e-05
182787.1323367717; 2.51053869456e-05
182844.2621837122; 2.51474117665e-05
182901.4098865015; 2.48640736163e-05
182958.5754507205; 2.47181758289e-05
183015.7588819518; 2.47439891512e-05
183072.9601857796; 2.45538339775e-05
183130.1793677901; 2.47287793839e-05
