% Module: Sweep, ID: c0p1t8p1cfm0
% Devices: DEV30370
% Time: 2025/12/04 16:14:26
% Demod 1 Sample X, /dev30370/demods/0/sample.X
% Frequency (Hz); Demod 1 Sample X  Amplitude (V)
% Demod 1 Sample Y, /dev30370/demods/0/sample.Y
% Frequency (Hz); Demod 1 Sample Y  Amplitude (V)
159990.3488187986; -1.09755835591e-07
160040.4480278114; -7.53994651155e-08
160090.5629248376; -2.1188961981e-07
160140.6935147898; -2.01976185955e-07
160190.8398025818; -2.13049412084e-07
160241.0017931296; -1.58803250696e-07
160291.1794913503; -1.27277343789e-07
160341.3729021625; -2.03520373106e-07
160391.5820304863; -1.9197559496e-07
160441.8068812437; -1.40276122703e-07
160492.0474593577; -2.72443176938e-07
160542.3037697534; -1.90404020627e-07
160592.5758173568; -1.82000389368e-07
160642.8636070965; -2.69445201597e-07
160693.1671439015; -1.47889263497e-07
160743.4864327031; -2.04885817259e-07
160793.8214784336; -1.9613403574e-07
160844.1722860272; -7.17821603461e-08
160894.5388604196; -1.70758907443e-07
160944.9212065479; -2.65003464681e-07
160995.3193293506; -8.84417517403e-08
161045.7332337687; -1.8514566382e-07
161096.1629247435; -1.69262887012e-07
161146.6084072186; -1.80196661716e-07
161197.0696861389; -2.26894022703e-07
161247.5467664508; -2.47484985725e-07
161298.0396531023; -1.74449516328e-07
161348.5483510431; -2.46174262793e-07
161399.072865224; -1.87936977534e-07
161449.6132005982; -1.49543796548e-07
161500.1693621197; -2.10269861041e-07
161550.7413547444; -1.55590872333e-07
161601.3291834294; -2.71900924891e-07
161651.9328531337; -2.61202031595e-07
161702.5523688177; -2.04161048948e-07
161753.1877354431; -2.9820553449e-07
161803.8389579742; -2.73890729495e-07
161854.5060413756; -2.8381989415e-07
161905.1889906141; -3.28923147494e-07
161955.8878106578; -2.86665185061e-07
162006.6025064765; -2.67757400028e-07
162057.3330830416; -2.81151238168e-07
162108.0795453258; -2.33862306947e-07
162158.8418983034; -2.48414963044e-07
162209.620146951; -2.60343144033e-07
162260.4142962458; -3.10182714799e-07
162311.2243511669; -3.32584703998e-07
162362.0503166949; -2.60514623936e-07
162412.8921978122; -2.62803172039e-07
162463.7499995025; -4.06248307113e-07
162514.6237267512; -3.79770587844e-07
162565.5133845448; -3.80074468654e-07
162616.4189778724; -3.66767893944e-07
162667.3405117239; -3.40133380396e-07
162718.2779910907; -4.25970657113e-07
162769.2314209661; -2.69297849342e-07
162820.2008063447; -2.81493046506e-07
162871.1861522229; -3.47692083408e-07
162922.1874635985; -3.98118459108e-07
162973.2047454706; -3.95170528264e-07
163024.2380028409; -4.83249727558e-07
163075.2872407115; -4.3391389672e-07
163126.3524640866; -4.81603485064e-07
163177.4336779718; -4.00126598599e-07
163228.5308873745; -3.65882823811e-07
163279.6440973034; -4.6750245176e-07
163330.7733127686; -5.29970295019e-07
163381.9185387827; -4.99092575057e-07
163433.079780359; -4.91871729969e-07
163484.2570425124; -5.5879105332e-07
163535.4503302597; -5.73141122209e-07
163586.6596486191; -5.37618174666e-07
163637.8850026104; -5.50474543772e-07
163689.1263972551; -4.69913303299e-07
163740.3838375756; -5.90116162222e-07
163791.6573285972; -5.63329070533e-07
163842.9468753458; -5.9465736811e-07
163894.2524828488; -7.02317481914e-07
163945.5741561357; -4.42283728014e-07
163996.9119002372; -5.95459727534e-07
164048.2657201857; -6.7323404758e-07
164099.6356210152; -7.31064422368e-07
164151.0216077609; -6.67361746663e-07
164202.4236854606; -7.38862807516e-07
164253.8418591527; -6.97091702745e-07
164305.2761338775; -7.70611301715e-07
164356.7265146767; -7.58709126148e-07
164408.1930065939; -7.17004611558e-07
164459.6756146741; -7.57132077921e-07
164511.1743439639; -9.19751589046e-07
164562.689199511; -8.11574183441e-07
164614.2201863661; -7.36803011477e-07
164665.7673095799; -8.4831896072e-07
164717.3305742056; -7.39621127783e-07
164768.9099852975; -8.59726466369e-07
164820.5055479118; -1.22957123767e-06
164872.1172671061; -8.22635009164e-07
164923.7451479394; -4.90539820057e-07
164975.3891954731; -1.20096328805e-06
165027.0494147694; -1.37181239959e-06
165078.7258108922; -8.34530771949e-07
165130.4183889072; -9.49815045194e-07
165182.1271538816; -1.03972959318e-06
165233.852110884; -1.38132476888e-06
165285.5932649849; -1.04525475358e-06
165337.3506212558; -1.44166061031e-06
165389.1241847711; -5.25321418175e-07
165440.9139606053; -1.1923588765e-06
165492.7199538354; -9.51276769644e-07
165544.5421695395; -1.14387424497e-06
165596.3806127975; -1.03304852005e-06
165648.235288691; -1.09711828321e-06
165700.1062023029; -1.12903012619e-06
165751.9933587177; -1.20849589707e-06
165803.8967630222; -1.18720190187e-06
165855.816420304; -1.19386968885e-06
165907.7523356524; -1.21347933687e-06
165959.7045141586; -1.08699535335e-06
166011.6729609152; -1.21652868532e-06
166063.6576810163; -1.24805452137e-06
166115.6586795579; -1.21474345199e-06
166167.6759616369; -1.33407397777e-06
166219.7095323531; -1.12636178907e-06
166271.7593968067; -1.26500382168e-06
166323.8255600999; -1.37892630003e-06
166375.9080273366; -1.3247074904e-06
166428.0068036221; -1.41919869172e-06
166480.1218940635; -1.35065812155e-06
166532.2533037689; -1.33821964613e-06
166584.4010378493; -1.41523180178e-06
166636.5651014162; -1.4870247682e-06
166688.7454995828; -1.39259870444e-06
166740.9422374643; -1.42386397252e-06
166793.1553201772; -1.59336205981e-06
166845.3847528397; -1.44254964857e-06
166897.6305405717; -1.440076795e-06
166949.8926884942; -1.4365694464e-06
167002.1712017308; -1.51812447314e-06
167054.466085406; -1.43328911381e-06
167106.7773446458; -1.4725424224e-06
167159.1049845781; -1.40591075304e-06
167211.4490103324; -1.67909101012e-06
167263.8094270397; -1.56053419883e-06
167316.1862398327; -1.55140324832e-06
167368.5794538452; -1.60886302811e-06
167420.9890742138; -1.52379392113e-06
167473.4151060755; -1.49855172519e-06
167525.8575545696; -1.80899724002e-06
167578.3164248367; -1.76009191586e-06
167630.7917220191; -1.72005950746e-06
167683.2834512606; -1.8955551752e-06
167735.7916177069; -1.62513760461e-06
167788.3162265047; -1.82412279488e-06
167840.8572828033; -1.67825400042e-06
167893.414791753; -1.70674866347e-06
167945.9887585055; -2.03169338865e-06
167998.5791882144; -1.81287419158e-06
168051.1860860351; -1.79542127534e-06
168103.8094571242; -1.86781876156e-06
168156.4493066399; -1.83618415624e-06
168209.1056397428; -1.89945559896e-06
168261.7784615944; -1.94214964825e-06
168314.4677773578; -1.85385677224e-06
168367.1735921979; -1.87480918939e-06
168419.8959112813; -2.14474576594e-06
168472.634739776; -1.96974469726e-06
168525.3900828519; -1.99809400983e-06
168578.1619456798; -1.94377470376e-06
168630.9503334336; -2.0720474813e-06
168683.7552512874; -1.99095789495e-06
168736.5767044175; -2.02181841377e-06
168789.4146980016; -2.08951986617e-06
168842.2692372194; -2.0640076071e-06
168895.1403272517; -2.17191241634e-06
168948.0279732814; -1.99841314314e-06
169000.9321804924; -2.14427470993e-06
169053.8529540715; -2.15833790428e-06
169106.7902992056; -2.17110690367e-06
169159.7442210842; -2.06013921182e-06
169212.714724898; -2.11948482766e-06
169265.7018158395; -2.26102219568e-06
169318.7054991028; -2.3444063709e-06
169371.7257798831; -2.39241367537e-06
169424.7626633786; -2.22063676544e-06
169477.8161547878; -2.30839357189e-06
169530.8862593113; -2.25563094195e-06
169583.9729821513; -2.40681929808e-06
169637.0763285118; -2.29840692249e-06
169690.196303598; -2.34989904224e-06
169743.3329126172; -2.36332356253e-06
169796.4861607778; -2.23611629875e-06
169849.6560532908; -2.42681348269e-06
169902.8425953678; -2.44830928564e-06
169956.0457922224; -2.32565291778e-06
170009.26564907; -2.57744560975e-06
170062.5021711274; -2.47110594434e-06
170115.7553636131; -2.47267617234e-06
170169.0252317473; -2.50549877201e-06
170222.3117807515; -2.48474366304e-06
170275.6150158498; -2.6241532985e-06
170328.9349422668; -2.580986032e-06
170382.2715652294; -2.62240268002e-06
170435.6248899658; -2.59710066097e-06
170488.994921706; -2.91466581587e-06
170542.3816656816; -2.81558130924e-06
170595.7851271259; -2.71310238629e-06
170649.2053112735; -2.70864676092e-06
170702.6422233614; -2.75439464052e-06
170756.0958686277; -2.76935022124e-06
170809.566252312; -2.97034764314e-06
170863.0533796558; -2.99229850556e-06
170916.5572559023; -2.97941278292e-06
170970.0778862961; -3.06062401725e-06
171023.6152760833; -2.94682359433e-06
171077.1694305126; -2.95185872611e-06
171130.7403548333; -2.89873657297e-06
171184.3280542967; -3.1643297301e-06
171237.9325341558; -3.20316711135e-06
171291.5537996651; -3.22837315126e-06
171345.1918560809; -3.20613628232e-06
171398.8467086611; -3.19867975866e-06
171452.518362665; -3.1833751065e-06
171506.2068233542; -3.12558815085e-06
171559.9120959914; -3.43017799903e-06
171613.634185841; -3.36316464517e-06
171667.3730981691; -3.35173343703e-06
171721.1288382435; -3.45932625206e-06
171774.9014113337; -3.43013261354e-06
171828.6908227106; -3.50153420542e-06
171882.4970776468; -3.51840483401e-06
171936.3201814171; -3.39089514204e-06
171990.1601392974; -3.32605005235e-06
172044.0169565653; -3.58970906499e-06
172097.8906385001; -3.61583393956e-06
172151.7811903828; -3.63818000293e-06
172205.6886174961; -3.65010848507e-06
172259.6129251243; -3.93473341359e-06
172313.5541185528; -3.67315361248e-06
172367.5122030701; -4.03128582813e-06
172421.4871839651; -3.76275203868e-06
172475.4790665286; -3.67520602142e-06
172529.4878560533; -3.98293478441e-06
172583.5135578334; -4.04194438468e-06
172637.5561771646; -3.94067898319e-06
172691.6157193444; -4.02750939072e-06
172745.6921896724; -4.06099069997e-06
172799.7855934493; -4.162625917e-06
172853.8959359777; -4.28551589079e-06
172908.0232225615; -4.29039327169e-06
172962.1674585068; -4.39093379858e-06
173016.328649121; -4.28152917792e-06
173070.5067997133; -4.2786166591e-06
173124.7019155941; -4.28400622992e-06
173178.9140020767; -4.47383621803e-06
173233.1430644749; -4.56793485791e-06
173287.3891081044; -4.63113113646e-06
173341.6521382828; -4.45402166215e-06
173395.9321603292; -4.42118699866e-06
173450.2291795644; -4.49996626534e-06
173504.543201311; -4.50437592063e-06
173558.8742308926; -4.50112288665e-06
173613.2222736359; -4.8098755689e-06
173667.5873348679; -4.88182453242e-06
173721.9694199178; -4.7837679486e-06
173776.3685341165; -4.81990809979e-06
173830.7846827964; -4.95130370705e-06
173885.2178712917; -5.16979742889e-06
173939.6681049382; -4.96056440123e-06
173994.135389073; -5.0488819009e-06
174048.6197290361; -4.927706921e-06
174103.1211301679; -5.21663188522e-06
174157.639597811; -5.35723240255e-06
174212.1751373094; -5.58183968406e-06
174266.7277540092; -5.35940993159e-06
174321.2974532578; -5.4299935041e-06
174375.8842404041; -5.58085146027e-06
174430.4881207997; -5.70836249857e-06
174485.1090997967; -5.9110576955e-06
174539.7471827495; -5.70148840426e-06
174594.402375014; -5.74656646707e-06
174649.0746819476; -6.28873973608e-06
174703.7641089098; -5.94218980094e-06
174758.4706612614; -6.14745404316e-06
174813.1943443648; -6.21405320574e-06
174867.9351635849; -6.26382425541e-06
174922.6931242874; -6.15768839953e-06
174977.4682318399; -6.28528592181e-06
175032.2604916117; -6.5434126881e-06
175087.069908974; -6.54064429742e-06
175141.8964892994; -6.42514742807e-06
175196.7402379624; -6.69127433412e-06
175251.6011603385; -6.42278369808e-06
175306.4792618064; -6.62061772321e-06
175361.374547745; -6.39654027562e-06
175416.2870235356; -6.83937642402e-06
175471.2166945609; -6.82254760251e-06
175526.1635662054; -6.96855186255e-06
175581.1276438553; -7.054167296e-06
175636.1089328985; -7.34756972802e-06
175691.1074387242; -7.24862215731e-06
175746.1231667243; -7.37714216352e-06
175801.1561222914; -7.38005730414e-06
175856.2063108202; -7.54827164824e-06
175911.2737377069; -7.57053120992e-06
175966.3584083496; -7.56248696015e-06
176021.4603281479; -7.65787885611e-06
176076.5795025029; -7.7781780839e-06
176131.7159368183; -8.13232381698e-06
176186.8696364986; -8.03625578002e-06
176242.0406069502; -8.37474336079e-06
176297.2288535813; -8.16332761364e-06
176352.4343818017; -8.6009665038e-06
176407.657197023; -8.72031237066e-06
176462.8973046583; -8.55779418856e-06
176518.1547101223; -8.73411255239e-06
176573.4294188323; -8.84664900192e-06
176628.7214362063; -8.83057883726e-06
176684.0307676643; -9.06489055264e-06
176739.3574186279; -9.08883703014e-06
176794.7013945206; -9.31375455211e-06
176850.0627007676; -9.08345350009e-06
176905.4413427956; -9.54134544221e-06
176960.8373260327; -9.5570176424e-06
177016.25065591; -9.67410635189e-06
177071.6813378589; -9.83083676841e-06
177127.129377313; -9.90998191793e-06
177182.5947797078; -1.00220697916e-05
177238.0775504801; -1.01441772644e-05
177293.5776950687; -1.02416589299e-05
177349.095218914; -1.03301946767e-05
177404.6301274578; -1.05383009858e-05
177460.1824261446; -1.07339941871e-05
177515.7521204196; -1.08969032122e-05
177571.3392157301; -1.11037381076e-05
177626.9437175249; -1.09784339519e-05
177682.5656312547; -1.1170470362e-05
177738.2049623719; -1.12494764675e-05
177793.8617163302; -1.14858586256e-05
177849.5358985861; -1.16069125244e-05
177905.2275145966; -1.16898809317e-05
177960.936569821; -1.20740716975e-05
178016.6630697202; -1.19990728363e-05
178072.4070197568; -1.18727948058e-05
178128.168425395; -1.2102110929e-05
178183.947292101; -1.22409756198e-05
178239.7436253421; -1.23147855477e-05
178295.5574305884; -1.25738946387e-05
178351.3887133109; -1.26906881831e-05
178407.2374789823; -1.29631453725e-05
178463.1037330772; -1.31541618846e-05
178518.9874810721; -1.33703994234e-05
178574.8887284448; -1.3403446435e-05
178630.8074806751; -1.37660258261e-05
178686.7437432441; -1.35775377391e-05
178742.6975216357; -1.36015089819e-05
178798.6688213345; -1.38333887297e-05
178854.6576478269; -1.45663290855e-05
178910.6640066014; -1.4226241374e-05
178966.6879031481; -1.42314559574e-05
179022.7293429585; -1.48858585887e-05
179078.7883315263; -1.40593749009e-05
179134.8648743463; -1.36981383676e-05
179190.9589769161; -1.47585907932e-05
179247.0706447339; -1.54952447341e-05
179303.1998833002; -1.53498436121e-05
179359.3466981171; -1.55780620336e-05
179415.5110946883; -1.58127305087e-05
179471.6930785194; -1.58424800574e-05
179527.8926551172; -1.61023175306e-05
179584.1098299916; -1.67229719428e-05
179640.3446086527; -1.705505172e-05
179696.5969966131; -1.66501683787e-05
179752.866999387; -1.74328196245e-05
179809.1546224901; -1.74310364284e-05
179865.4598714401; -1.74690535582e-05
179921.7827517563; -1.76225746256e-05
179978.1232689595; -1.80004940277e-05
180034.4814285733; -1.88383015361e-05
180090.8572361215; -1.87559429985e-05
180147.2506971308; -1.92675563876e-05
180203.6618171289; -1.98612289155e-05
180260.0906016455; -1.98815220739e-05
180316.5370562123; -1.9850852415e-05
180373.0011863622; -2.05392464375e-05
180429.4829976299; -2.1040891831e-05
180485.9824955528; -2.16179560343e-05
180542.4996856688; -2.20140475407e-05
180599.0345735181; -2.09885092381e-05
180655.5871646425; -2.14064124566e-05
180712.1574645857; -2.2166626691e-05
180768.7454788928; -2.13951685478e-05
180825.3512131111; -2.22232981592e-05
180881.9746727889; -2.20143427944e-05
180938.6158634775; -2.26164069428e-05
180995.2747907287; -2.33189630794e-05
181051.9514600967; -2.31313814443e-05
181108.6458771371; -2.35472031839e-05
181165.3580474074; -2.4154145103e-05
181222.0879764669; -2.38944953896e-05
181278.8356698761; -2.44530694358e-05
181335.6011331985; -2.37626865477e-05
181392.3843719983; -2.44929483449e-05
181449.1853918415; -2.53427408459e-05
181506.0041982961; -2.56772960453e-05
181562.8407969318; -2.59371429959e-05
181619.6951933201; -2.58928094358e-05
181676.567393034; -2.62995497556e-05
181733.4574016482; -2.65875572492e-05
181790.36522474; -2.66739575398e-05
181847.2908678876; -2.72988391442e-05
181904.2343366709; -2.73405305675e-05
181961.1956366719; -2.72863006329e-05
182018.1747734744; -2.73865321417e-05
182075.1717526636; -2.79353071389e-05
182132.1865798267; -2.77175062278e-05
182189.2192605523; -2.79148627133e-05
182246.2698004317; -2.82625889509e-05
182303.338205057; -2.86732675335e-05
182360.4244800223; -2.89559862361e-05
182417.5286309235; -2.9134394281e-05
182474.6506633582; -2.86928528944e-05
182531.790582926; -2.93163997368e-05
182588.9483952278; -2.92976819968e-05
182646.1241058663; -2.96636404808e-05
182703.3177204469; -2.99171981757e-05
182760.5292445756; -3.00341168757e-05
182817.7586838606; -3.01570324829e-05
182875.0060439118; -3.02278211935e-05
182932.2713303409; -3.07408481759e-05
182989.5545487614; -3.11612613252e-05
183046.8557047881; -3.09436226468e-05
183104.1748040387; -3.17171830309e-05
183161.5118521316; -3.21513389304e-05
183218.8668546873; -3.19758436878e-05
183276.2398173278; -3.23798897359e-05
183333.6307456774; -3.27371627806e-05
183391.0396453617; -3.24155576796e-05
183448.4665220084; -3.27797588844e-05
183505.9113812461; -3.29768316663e-05
183563.3742287069; -3.34589742501e-05
183620.8550700231; -3.33295764192e-05
183678.3539108293; -3.38211674217e-05
183735.8707567618; -3.38130519936e-05
183793.4056134588; -3.42674194037e-05
183850.9584865601; -3.41057837585e-05
183908.5293817073; -3.41773567063e-05
183966.1183045435; -3.38674422477e-05
184023.7252607147; -3.4027973371e-05
184081.3502558673; -3.44440746865e-05
184138.99329565; -3.39734412385e-05
184196.6543857135; -3.42937275031e-05
184254.3335317098; -3.45020069572e-05
184312.0307392931; -3.44110754874e-05
184369.746014119; -3.47919005349e-05
184427.4793618448; -3.47972650923e-05
184485.2307881306; -3.50705859877e-05
184543.0002986371; -3.49786758955e-05
184600.7878990272; -3.52022289831e-05
184658.5935949655; -3.54192098199e-05
184716.4173921184; -3.54650351844e-05
184774.2592961541; -3.51843037885e-05
184832.1193127422; -3.52117895368e-05
184889.9974475553; -3.52396800698e-05
184947.8937062664; -3.54547776569e-05
185005.8080945509; -3.57359280979e-05
185063.7406180858; -3.56189847035e-05
185121.6912825501; -3.54285287783e-05
185179.6600936242; -3.5305829629e-05
185237.6470569907; -3.50809764298e-05
185295.6521783333; -3.49818577334e-05
185353.6754633388; -3.49574617767e-05
185411.7169176945; -3.49282296083e-05
185469.77654709; -3.4736623634e-05
185527.8543572166; -3.46135877429e-05
185585.9503537674; -3.48302624314e-05
185644.0645424372; -3.5142204321e-05
185702.1969289228; -3.46444947809e-05
185760.3475189221; -3.49732904523e-05
185818.5163181362; -3.47714839039e-05
185876.7033322668; -3.45281179788e-05
185934.9085670175; -3.44350265884e-05
185993.132028094; -3.46878109055e-05
186051.3737212037; -3.47091407024e-05
186109.6336520557; -3.40290768654e-05
186167.911826361; -3.38724358381e-05
186226.2082498319; -3.43477090398e-05
186284.5229281838; -3.35339705072e-05
186342.8558671324; -3.34596158649e-05
186401.2070723961; -3.37545766382e-05
186459.5765496946; -3.36063144768e-05
186517.9643047496; -3.34361936765e-05
186576.3703432846; -3.28554628503e-05
186634.7946710245; -3.26123822586e-05
186693.2372936971; -3.26046618542e-05
186751.6982170309; -3.20744582013e-05
186810.1774467566; -3.20578754924e-05
186868.6749886066; -3.17813687555e-05
186927.1908483151; -3.14176584297e-05
186985.7250316182; -3.1144348925e-05
187044.2775442536; -3.10141829066e-05
187102.8483919607; -3.04656118074e-05
187161.4375804817; -3.04252017004e-05
187220.0451155593; -2.98129055162e-05
187278.6710029386; -2.96472223785e-05
187337.3152483664; -2.94099275328e-05
187395.9778575914; -2.90120934859e-05
187454.6588363638; -2.88469883842e-05
187513.3581904361; -2.8332962744e-05
187572.0759255618; -2.81190138773e-05
187630.8120474975; -2.81364183788e-05
187689.5665620005; -2.78460906984e-05
187748.33947483; -2.71911060983e-05
187807.1307917476; -2.6964823327e-05
187865.9405185161; -2.69863479343e-05
187924.7686609003; -2.64037227335e-05
187983.6152246666; -2.62043346186e-05
188042.4802155842; -2.58734465736e-05
188101.3636394229; -2.57488329079e-05
188160.2655019548; -2.56428967163e-05
188219.1858089538; -2.5492649675e-05
188278.1245661956; -2.51204401108e-05
188337.0817794576; -2.51202565848e-05
188396.0574545192; -2.46268237854e-05
188455.0515971611; -2.43767997811e-05
188514.0642131669; -2.40712867935e-05
188573.095308321; -2.39616375129e-05
188632.14488841; -2.38380507425e-05
188691.2129592221; -2.37743896967e-05
188750.2995265477; -2.30696035774e-05
188809.4045961786; -2.27629071837e-05
188868.5281739086; -2.30374178803e-05
188927.670265533; -2.24621288306e-05
188986.8308768499; -2.25604025987e-05
189046.0100136583; -2.2367365777e-05
189105.2076817591; -2.20836927745e-05
189164.4238869552; -2.19603686447e-05
189223.6586350513; -2.19260682178e-05
189282.9119318539; -2.17385200993e-05
189342.1837831714; -2.11368795487e-05
189401.4741948135; -2.05810202172e-05
189460.7831725929; -2.07606326958e-05
189520.1107223231; -2.04560838043e-05
189579.4568498195; -2.03530305654e-05
189638.8215608997; -2.01184073341e-05
189698.2048613829; -1.99799366574e-05
189757.6067570901; -1.96721600112e-05
189817.0272538443; -1.97127245564e-05
189876.4663574698; -1.93193898551e-05
189935.9240737938; -1.88961201659e-05
189995.4004086444; -1.89781737067e-05
190054.8953678517; -1.89743333718e-05
190114.4089572478; -1.88318291618e-05
190173.9411826664; -1.87824164662e-05
190233.4920499433; -1.82961977093e-05
190293.0615649156; -1.79931252457e-05
190352.6497334233; -1.77318518409e-05
190412.2565613072; -1.78041669176e-05
190471.8820544103; -1.74856183574e-05
190531.5262185774; -1.75994381781e-05
190591.1890596552; -1.74693543566e-05
190650.870583492; -1.73102821057e-05
190710.5707959383; -1.72105477824e-05
190770.2897028456; -1.68348158828e-05
190830.0273100689; -1.66434830717e-05
190889.7836234634; -1.65172481415e-05
190949.5586488869; -1.64206285345e-05
191009.3523921988; -1.59196545167e-05
191069.1648592604; -1.58117164035e-05
191128.9960559348; -1.5819858085e-05
191188.8459880869; -1.55785030806e-05
191248.7146615833; -1.52434664266e-05
191308.6020822934; -1.51322362536e-05
191368.5082560871; -1.49487641663e-05
191428.4331888369; -1.48506729322e-05
191488.376886417; -1.46961493451e-05
191548.3393547032; -1.45504980538e-05
191608.3205995735; -1.45092180937e-05
191668.3206269071; -1.47344982389e-05
191728.3394425863; -1.41629382394e-05
191788.3770524942; -1.37236200862e-05
191848.4334625159; -1.38249654703e-05
191908.5086785384; -1.36909629434e-05
191968.6027064507; -1.37285765463e-05
192028.7155521435; -1.37222831984e-05
192088.8472215094; -1.3795414895e-05
192148.9977204424; -1.33587047775e-05
192209.1670548395; -1.3244891405e-05
192269.3552305985; -1.27523002921e-05
192329.5622536194; -1.27322553189e-05
192389.7881298039; -1.27219006078e-05
192450.0328650557; -1.318687777e-05
192510.2964652804; -1.28923691331e-05
192570.5789363853; -1.24701139211e-05
192630.8802842791; -1.26585168882e-05
192691.2005148739; -1.18020850681e-05
192751.5396340819; -1.1982706426e-05
192811.8976478181; -1.1627386463e-05
192872.274561999; -1.12800766133e-05
192932.6703825431; -1.10622481909e-05
192993.0851153708; -1.15888339899e-05
193053.5187664041; -1.13218204548e-05
193113.9713415668; -1.11291778775e-05
193174.4428467854; -1.13430366109e-05
193234.9332879874; -1.12821095536e-05
193295.4426711023; -1.0529344633e-05
193355.9710020616; -1.08096112084e-05
193416.5182867986; -1.08324692314e-05
193477.0845312484; -1.06208613843e-05
193537.6697413481; -1.03545845573e-05
193598.2739230362; -1.02956197934e-05
193658.8970822542; -9.78766374457e-06
193719.5392249443; -1.00350506077e-05
193780.200357051; -9.80134732706e-06
193840.8804845205; -9.26419958838e-06
193901.5796133012; -9.29531672475e-06
193962.297749343; -9.18458169995e-06
194023.0348985975; -9.02567816539e-06
194083.7910670191; -9.02253740823e-06
194144.5662605633; -8.68512535012e-06
194205.3604851874; -8.76524850195e-06
194266.1737468509; -8.49219951203e-06
194327.006051515; -8.04680062484e-06
194387.8574051427; -8.65008729388e-06
194448.7278136991; -8.36392808082e-06
194509.6172831507; -8.23824029196e-06
194570.5258194669; -8.20294143747e-06
194631.4534286178; -8.07191162448e-06
194692.400116576; -7.7985857512e-06
194753.3658893157; -7.66989745377e-06
194814.3507528132; -7.81805529235e-06
194875.3547130465; -7.67191508843e-06
194936.3777759956; -7.65573160177e-06
194997.4199476417; -7.59628347e-06
195058.4812339695; -7.66993616075e-06
195119.5616409641; -7.39074526737e-06
195180.6611746129; -7.32865097749e-06
195241.7798409051; -7.24653414149e-06
195302.9176458321; -7.05067573135e-06
195364.0745953867; -6.86795029023e-06
195425.2506955636; -6.8725543839e-06
195486.4459523604; -6.7984752786e-06
195547.6603717753; -6.67982365734e-06
195608.8939598089; -6.52291084857e-06
195670.1467224637; -6.41337928318e-06
195731.418665744; -6.48885842976e-06
195792.7097956558; -6.13666028676e-06
195854.0201182075; -6.25576632976e-06
195915.3496394084; -6.10662753048e-06
195976.6983652714; -6.15536427998e-06
196038.0663018095; -5.99598441039e-06
196099.4534550386; -5.97182763972e-06
196160.8598309761; -5.79944599741e-06
196222.2854356414; -5.82580763116e-06
196283.7302750556; -5.75576579696e-06
196345.1943552421; -5.73477952671e-06
196406.6776822254; -5.72024649868e-06
196468.1802620332; -5.62216601751e-06
196529.7021006939; -5.59593958362e-06
196591.2432042383; -5.49986805682e-06
196652.8035786989; -5.47536253358e-06
196714.3832301103; -5.71535088918e-06
196775.9821645086; -5.32115203903e-06
196837.6003879324; -5.27720524757e-06
196899.2379064211; -5.15054285764e-06
196960.8947260178; -5.19798998261e-06
197022.5708527659; -5.25304778601e-06
197084.2662927113; -5.08512093647e-06
197145.9810519016; -5.17676890181e-06
197207.7151363865; -5.03390446004e-06
197269.4685522175; -4.94842463389e-06
197331.2413054475; -4.89986439531e-06
197393.0334021327; -5.01152319723e-06
197454.8448483299; -4.89693913949e-06
197516.6756500981; -4.829788584e-06
197578.5258134984; -4.79498656064e-06
197640.3953445935; -4.752835844e-06
197702.2842494483; -4.7978625337e-06
197764.1925341295; -4.58759866028e-06
197826.1202047052; -4.58900690355e-06
197888.0672672468; -4.71164775319e-06
197950.0337278261; -4.66587092749e-06
198012.0195925176; -4.4002591166e-06
198074.0248673972; -4.55688841666e-06
198136.0495585433; -4.42332691904e-06
198198.0936720357; -4.39009188186e-06
198260.1572139563; -4.52578252923e-06
198322.2401903885; -4.41619558717e-06
198384.3426074189; -4.24403817963e-06
198446.4644711346; -4.45731822156e-06
198508.6057876252; -4.32406014416e-06
198570.7665629821; -4.21245570916e-06
198632.9468032985; -4.20479950352e-06
198695.1465146698; -4.31616965942e-06
198757.3657031931; -4.17244004131e-06
198819.604374967; -4.11872468817e-06
198881.8625360933; -4.05468117844e-06
198944.1401926746; -3.88841217464e-06
199006.4373508154; -3.95456253109e-06
199068.7540166227; -3.938749604e-06
199131.0901962049; -3.93261770943e-06
199193.4458956726; -3.90109183796e-06
199255.8211211379; -3.960975596e-06
199318.2158787159; -3.91190598417e-06
199380.6301745223; -3.9504959596e-06
199443.0640146756; -3.97130070563e-06
199505.5174052956; -3.92541640384e-06
199567.9903525045; -3.95449838556e-06
199630.4828624262; -3.7432572007e-06
199692.9949411865; -3.87896005361e-06
199755.5265949127; -3.58553191731e-06
199818.0778297355; -3.78246693072e-06
199880.6486517859; -3.80921287077e-06
199943.2390671975; -3.76827792539e-06
200005.8490821057; -3.75279026095e-06
200068.478702648; -3.71776448112e-06
200131.1279349635; -3.77411538117e-06
200193.7967851936; -3.77266814748e-06
200256.4852594808; -3.80498466885e-06
200319.1933639712; -3.53175167461e-06
200381.9211048112; -3.70715745712e-06
200444.6684881498; -3.57581577392e-06
200507.4355201378; -3.60892413209e-06
200570.222206928; -3.59812366175e-06
200633.0285546751; -3.68461821314e-06
200695.8545695356; -3.71692980978e-06
200758.7002576677; -3.55888480849e-06
200821.5656252326; -3.70244957206e-06
200884.4506783925; -3.56860926016e-06
200947.3554233115; -3.62637729633e-06
201010.279866156; -3.74307530446e-06
201073.2240130941; -3.49049858795e-06
201136.187870296; -3.54897318156e-06
201199.1714439333; -3.64082988115e-06
201262.1747401808; -3.46598300267e-06
201325.1977652139; -3.50174708497e-06
201388.2405252107; -3.61397421522e-06
201451.3030263507; -3.42216145531e-06
201514.3852748159; -3.44208228266e-06
201577.4872767898; -3.44258224933e-06
201640.609038458; -3.37731189656e-06
201703.7505660076; -3.45505192062e-06
201766.9118656289; -3.2454416549e-06
201830.092943513; -3.23136444809e-06
201893.2938058531; -3.28220501507e-06
201956.5144588446; -3.32174055691e-06
202019.7549086846; -3.35860267746e-06
202083.0151615724; -3.43487906387e-06
202146.295223709; -3.36083095959e-06
202209.5951012971; -3.19178135956e-06
202272.9148005425; -3.29437236447e-06
202336.2543276516; -3.24505020951e-06
202399.6136888335; -3.30246557813e-06
202462.9928902989; -3.17947705654e-06
202526.3919382606; -3.16375059571e-06
202589.8108389332; -3.27141747659e-06
202653.2495985334; -3.09295350591e-06
202716.7082232795; -3.12560675146e-06
202780.1867193928; -3.09301602167e-06
202843.6850930954; -3.11411100806e-06
202907.2033506118; -3.01866658752e-06
202970.7414981682; -3.06292826073e-06
203034.2995419932; -2.91150369458e-06
203097.8774883169; -3.06117312495e-06
203161.4753433713; -2.97407330974e-06
203225.0931133913; -2.97797320205e-06
203288.7308046126; -2.84774907889e-06
203352.3884232735; -2.8018280719e-06
203416.0659756139; -2.89330080178e-06
203479.7634678758; -2.78566672882e-06
203543.4809063032; -2.86191700352e-06
203607.2182971421; -2.77965396674e-06
203670.9756466399; -2.68003188479e-06
203734.7529610472; -2.66163395131e-06
203798.5502466155; -2.72323521876e-06
203862.3675095985; -2.69563315466e-06
203926.2047562519; -2.72536468736e-06
203990.0619928333; -2.58982296888e-06
204053.9392256024; -2.43912141727e-06
204117.8364608207; -2.59794415431e-06
204181.7537047515; -2.51312162055e-06
204245.690963661; -2.59998768811e-06
204309.6482438163; -2.43709953104e-06
204373.6255514868; -2.45612965494e-06
204437.622892944; -2.41210511293e-06
204501.6402744611; -2.33688928011e-06
204565.6777023135; -2.4034391245e-06
204629.7351827785; -2.34872649526e-06
204693.8127221349; -2.25845366412e-06
204757.9103266648; -2.36893122106e-06
204822.028002651; -2.35796265436e-06
204886.1657563785; -2.31948042075e-06
204950.3235941346; -2.30842113622e-06
205014.5015222083; -2.4530933092e-06
205078.6995468907; -2.22110293213e-06
205142.9176744744; -2.21093847863e-06
205207.1559112552; -2.22142977141e-06
205271.4142635296; -2.17934367861e-06
205335.6927375967; -2.1619763606e-06
205399.9913397574; -2.11799674349e-06
205464.3100763145; -2.15816715069e-06
205528.6489535729; -2.13502204058e-06
205593.0079778394; -2.15945342711e-06
205657.3871554224; -2.07892784666e-06
205721.7864926337; -2.12310950182e-06
205786.2059957854; -2.11398602698e-06
205850.6456711923; -2.1378482703e-06
205915.1055251712; -2.14294462465e-06
205979.5855640408; -2.04159959484e-06
206044.0857941218; -2.14323656565e-06
206108.6062217366; -2.08250121856e-06
206173.1468532098; -2.07582983547e-06
206237.7076948685; -2.0511302813e-06
206302.2887530411; -2.01640818742e-06
206366.8900340581; -1.96243063654e-06
206431.5115442521; -2.02873374828e-06
206496.1532899576; -2.01950979473e-06
206560.8152775112; -1.88195759839e-06
206625.4975132513; -2.03283683011e-06
206690.200003518; -1.85247113314e-06
206754.9227546547; -1.82071828108e-06
206819.6657730053; -1.95508289987e-06
206884.4290649164; -1.96705159476e-06
206949.2126367365; -1.88741200562e-06
207014.0164948158; -1.89053866174e-06
207078.8406455069; -1.88580122828e-06
207143.6850951637; -1.84263831964e-06
207208.5498501435; -1.71145775314e-06
207273.4349168042; -1.95637744913e-06
207338.3403015062; -1.87019949783e-06
207403.2660106119; -1.90726576449e-06
207468.2120504856; -1.71785452038e-06
207533.1784274937; -1.7461462065e-06
207598.1651480046; -1.87667103951e-06
207663.1722183882; -1.73587395803e-06
207728.1996450175; -1.76648948026e-06
207793.2474342667; -1.7626687734e-06
207858.3155925119; -1.75245067928e-06
207923.4041261316; -1.6671364517e-06
207988.513041506; -1.5986391058e-06
208053.6423450174; -1.6996684567e-06
208118.7920430503; -1.82639175034e-06
208183.9621419904; -1.67665675725e-06
208249.1526482269; -1.65500793329e-06
208314.3635681498; -1.60558700024e-06
208379.5949081514; -1.61576592679e-06
208444.8466746259; -1.61316556161e-06
208510.1188739697; -1.61089919252e-06
208575.4115125812; -1.64907235487e-06
208640.7245968601; -1.64891417883e-06
208706.0581332099; -1.64636219296e-06
208771.4121280342; -1.65279192756e-06
208836.7865877395; -1.58362371969e-06
208902.1815187342; -1.67548343082e-06
208967.5969274285; -1.53649845612e-06
209033.0328202349; -1.43244921659e-06
209098.4892035677; -1.51261166e-06
209163.9660838429; -1.60120250005e-06
209229.4634674798; -1.51731570094e-06
209294.9813608982; -1.50076489653e-06
209360.5197705207; -1.43231190866e-06
209426.0787027715; -1.51118685333e-06
209491.6581640773; -1.38581819778e-06
209557.2581608664; -1.41013957499e-06
209622.8786995692; -1.55150962609e-06
209688.5197866179; -1.43457804746e-06
209754.1814284477; -1.48995238009e-06
209819.8636314948; -1.39963747614e-06
209885.5664021976; -1.43056888986e-06
209951.2897469967; -1.3437836198e-06
210017.0336723347; -1.31433885535e-06
210082.798184656; -1.3773199337e-06
210148.5832904074; -1.45470495185e-06
210214.388996037; -1.30288495446e-06
210280.2153079961; -1.38533459965e-06
210346.0622327372; -1.35981608723e-06
210411.9297767148; -1.41592317757e-06
210477.8179463856; -1.40985771375e-06
210543.7267482083; -1.4019077425e-06
210609.6561886437; -1.30593616298e-06
210675.6062741546; -1.35484704961e-06
210741.5770112051; -1.36412048079e-06
210807.5684062631; -1.27674417195e-06
210873.5804657969; -1.3714991299e-06
210939.6131962774; -1.43723899748e-06
211005.6666041774; -1.44509433592e-06
211071.7406959719; -1.43530646503e-06
211137.8354781377; -1.35715712128e-06
211203.9509571535; -1.37555648966e-06
211270.0871395011; -1.27239398546e-06
211336.2440316629; -1.22360371935e-06
211402.4216401243; -1.25060473576e-06
211468.619971372; -1.29748135347e-06
211534.8390318954; -1.28562803551e-06
211601.0788281855; -1.38838143259e-06
211667.3393667356; -1.25773964603e-06
211733.6206540403; -1.30124680766e-06
211799.9226965978; -1.30330706429e-06
211866.245500907; -1.31933446526e-06
211932.5890734692; -1.23042858404e-06
211998.9534207876; -1.18849710658e-06
212065.3385493678; -1.2374998448e-06
212131.744465717; -1.33434662727e-06
212198.1711763449; -1.23384734059e-06
212264.6186877624; -1.21104646575e-06
212331.0870064839; -1.20011463968e-06
212397.5761390246; -1.22904783424e-06
212464.0860919021; -1.19239613086e-06
212530.6168716361; -1.24460885593e-06
212597.1684847482; -1.22617451841e-06
212663.7409377623; -1.22064163432e-06
212730.3342372036; -1.13866348801e-06
212796.9483896009; -1.30419734259e-06
212863.5834014835; -1.14036037731e-06
212930.2392793835; -1.15516908408e-06
212996.9160298347; -1.14498553394e-06
213063.6136593733; -1.14170052463e-06
213130.3321745372; -1.13810892413e-06
213197.0715818664; -1.24043773131e-06
213263.8318879029; -1.17265333791e-06
213330.6130991916; -1.1367211061e-06
213397.4152222783; -1.13295976176e-06
213464.2382637114; -1.15558178731e-06
213531.0822300411; -1.20274239204e-06
213597.9471278199; -1.07573757375e-06
213664.8329636023; -1.14636162473e-06
213731.7397439447; -1.11083306158e-06
213798.6674754052; -1.08687995871e-06
213865.6161645454; -1.02378525721e-06
213932.5858179275; -1.15933060724e-06
213999.5764421162; -1.16796649811e-06
214066.5880436783; -1.14460119221e-06
214133.6206291825; -1.04140472862e-06
214200.6742051999; -1.06919623549e-06
214267.7487783033; -1.0915623698e-06
214334.8443550673; -1.1200837823e-06
214401.9609420698; -1.05360561225e-06
214469.0985458896; -9.20293947382e-07
214536.2571731078; -1.08903206692e-06
214603.4368303077; -9.75031058565e-07
214670.6375240745; -1.19341023608e-06
214737.8592609957; -1.08394756381e-06
214805.1020476606; -1.01419655456e-06
214872.3658906604; -1.04575048639e-06
214939.6507965895; -1.028127348e-06
215006.9567720429; -1.15037903746e-06
215074.2838236185; -1.07527851071e-06
215141.6319579161; -9.2142815939e-07
215209.0011815373; -9.95319345388e-07
215276.3915010861; -9.51329843382e-07
215343.802923168; -9.86192345293e-07
215411.235454392; -9.91852882702e-07
215478.6891013676; -9.83187496584e-07
215546.1638707071; -1.02912742305e-06
215613.6597690246; -9.49939492127e-07
215681.1768029365; -9.46197474701e-07
215748.7149790612; -1.00619179123e-06
215816.2743040191; -8.97395888792e-07
215883.8547844322; -8.83906549809e-07
215951.4564269262; -1.0675735892e-06
216019.0792381271; -8.40151309191e-07
216086.7232246638; -8.73521262785e-07
216154.3883931671; -8.24375140447e-07
216222.0747502698; -9.02378159413e-07
216289.7823026069; -8.52979777384e-07
216357.5110568156; -9.29407129882e-07
216425.2610195345; -9.24250509549e-07
216493.0321974056; -9.72405307988e-07
216560.8245970718; -7.84070879722e-07
216628.6382251786; -1.05440671392e-06
216696.4730883733; -9.71503515022e-07
216764.3291933055; -8.36543304726e-07
216832.2065466268; -9.15828897702e-07
216900.1051549904; -8.55981898003e-07
216968.0250250531; -8.58928712811e-07
217035.9661634722; -8.82255099145e-07
217103.9285769077; -7.39867789577e-07
217171.9122720216; -8.439133267e-07
217239.9172554781; -8.24930182628e-07
217307.9435339434; -8.51932173355e-07
217375.9911140857; -8.29546712126e-07
217444.060002575; -8.53024985722e-07
217512.1502060847; -8.23752958925e-07
217580.2617312888; -9.00236361259e-07
217648.3945848641; -7.02373390031e-07
217716.5487734893; -7.82361838028e-07
217784.7243038452; -8.68689302802e-07
217852.9211826147; -7.55169359347e-07
217921.1394164829; -7.03586946923e-07
217989.3790121364; -7.82932681869e-07
218057.6399762653; -7.28966078781e-07
218125.9223155605; -7.83777645546e-07
218194.2260367154; -7.73956984444e-07
218262.5511464255; -7.01078079032e-07
218330.8976513883; -8.28516415522e-07
218399.2655583035; -6.9731630953e-07
218467.654873873; -7.39436521165e-07
218536.0656048002; -7.27823328207e-07
218604.4977577919; -6.86217538565e-07
218672.9513395558; -7.04869503219e-07
218741.426356802; -7.46735488812e-07
159990.3488187986; -1.71733912939e-05
160040.4480278114; -1.72483010138e-05
160090.5629248376; -1.7173119353e-05
160140.6935147898; -1.70229289638e-05
160190.8398025818; -1.7111257057e-05
160241.0017931296; -1.71866660173e-05
160291.1794913503; -1.71056184151e-05
160341.3729021625; -1.72247478949e-05
160391.5820304863; -1.72450251631e-05
160441.8068812437; -1.70956685241e-05
160492.0474593577; -1.73935337029e-05
160542.3037697534; -1.73714035483e-05
160592.5758173568; -1.72802729633e-05
160642.8636070965; -1.72776407291e-05
160693.1671439015; -1.74126959265e-05
160743.4864327031; -1.73880271076e-05
160793.8214784336; -1.72772246778e-05
160844.1722860272; -1.71346858175e-05
160894.5388604196; -1.72398039366e-05
160944.9212065479; -1.72542915615e-05
160995.3193293506; -1.73010402424e-05
161045.7332337687; -1.74995679108e-05
161096.1629247435; -1.73705538902e-05
161146.6084072186; -1.74037133026e-05
161197.0696861389; -1.73375491462e-05
161247.5467664508; -1.74099788735e-05
161298.0396531023; -1.73820991112e-05
161348.5483510431; -1.72551683587e-05
161399.072865224; -1.71679201815e-05
161449.6132005982; -1.71564628617e-05
161500.1693621197; -1.70579161252e-05
161550.7413547444; -1.72773100457e-05
161601.3291834294; -1.72006159605e-05
161651.9328531337; -1.72182232263e-05
161702.5523688177; -1.71731407348e-05
161753.1877354431; -1.71348258181e-05
161803.8389579742; -1.72921898599e-05
161854.5060413756; -1.73307038563e-05
161905.1889906141; -1.72787474831e-05
161955.8878106578; -1.72844542386e-05
162006.6025064765; -1.71802798789e-05
162057.3330830416; -1.70812540262e-05
162108.0795453258; -1.70932912068e-05
162158.8418983034; -1.70565074391e-05
162209.620146951; -1.71166577527e-05
162260.4142962458; -1.70712771732e-05
162311.2243511669; -1.70354493351e-05
162362.0503166949; -1.69931778385e-05
162412.8921978122; -1.70784353962e-05
162463.7499995025; -1.70501902293e-05
162514.6237267512; -1.71722164085e-05
162565.5133845448; -1.7202691629e-05
162616.4189778724; -1.70669353481e-05
162667.3405117239; -1.71749794139e-05
162718.2779910907; -1.71489846904e-05
162769.2314209661; -1.70824322951e-05
162820.2008063447; -1.69375302009e-05
162871.1861522229; -1.71125025538e-05
162922.1874635985; -1.72106835314e-05
162973.2047454706; -1.71672155373e-05
163024.2380028409; -1.71610665833e-05
163075.2872407115; -1.73542504207e-05
163126.3524640866; -1.7308625004e-05
163177.4336779718; -1.7128826537e-05
163228.5308873745; -1.75292214981e-05
163279.6440973034; -1.75070712549e-05
163330.7733127686; -1.75264433466e-05
163381.9185387827; -1.73767399568e-05
163433.079780359; -1.74471236348e-05
163484.2570425124; -1.75629780787e-05
163535.4503302597; -1.77181486658e-05
163586.6596486191; -1.76750833484e-05
163637.8850026104; -1.78005523409e-05
163689.1263972551; -1.79434050023e-05
163740.3838375756; -1.78554905335e-05
163791.6573285972; -1.79566385386e-05
163842.9468753458; -1.81724811068e-05
163894.2524828488; -1.82082808491e-05
163945.5741561357; -1.81149635411e-05
163996.9119002372; -1.81815293466e-05
164048.2657201857; -1.84032364565e-05
164099.6356210152; -1.84372616476e-05
164151.0216077609; -1.85670813403e-05
164202.4236854606; -1.87069511372e-05
164253.8418591527; -1.86772779572e-05
164305.2761338775; -1.88868363361e-05
164356.7265146767; -1.88936121661e-05
164408.1930065939; -1.8981326014e-05
164459.6756146741; -1.89811101406e-05
164511.1743439639; -1.92199171626e-05
164562.689199511; -1.93350295485e-05
164614.2201863661; -1.95292332839e-05
164665.7673095799; -1.93335617302e-05
164717.3305742056; -1.90844822471e-05
164768.9099852975; -1.95046908606e-05
164820.5055479118; -1.94540196123e-05
164872.1172671061; -1.93127143445e-05
164923.7451479394; -1.88802881599e-05
164975.3891954731; -1.94605172834e-05
165027.0494147694; -1.97550490913e-05
165078.7258108922; -1.98440392953e-05
165130.4183889072; -1.9904658982e-05
165182.1271538816; -2.02014934567e-05
165233.852110884; -2.02191406342e-05
165285.5932649849; -1.97273036077e-05
165337.3506212558; -1.99646125721e-05
165389.1241847711; -2.05521442593e-05
165440.9139606053; -2.0330892882e-05
165492.7199538354; -2.03730209414e-05
165544.5421695395; -2.03171428865e-05
165596.3806127975; -2.03091958914e-05
165648.235288691; -2.04385860518e-05
165700.1062023029; -2.05939865956e-05
165751.9933587177; -2.05960786681e-05
165803.8967630222; -2.08951735066e-05
165855.816420304; -2.08581494367e-05
165907.7523356524; -2.09562878987e-05
165959.7045141586; -2.0983888457e-05
166011.6729609152; -2.12284360168e-05
166063.6576810163; -2.10671546866e-05
166115.6586795579; -2.11261789725e-05
166167.6759616369; -2.11017717137e-05
166219.7095323531; -2.11750033752e-05
166271.7593968067; -2.11170502895e-05
166323.8255600999; -2.11282656952e-05
166375.9080273366; -2.13367854337e-05
166428.0068036221; -2.1702709108e-05
166480.1218940635; -2.16069312052e-05
166532.2533037689; -2.16792211444e-05
166584.4010378493; -2.18126548824e-05
166636.5651014162; -2.18572397102e-05
166688.7454995828; -2.19636874186e-05
166740.9422374643; -2.20386272538e-05
166793.1553201772; -2.2075098177e-05
166845.3847528397; -2.19045297043e-05
166897.6305405717; -2.20976453572e-05
166949.8926884942; -2.19785583931e-05
167002.1712017308; -2.21281974071e-05
167054.466085406; -2.21198209681e-05
167106.7773446458; -2.23875279694e-05
167159.1049845781; -2.24275952583e-05
167211.4490103324; -2.25587977027e-05
167263.8094270397; -2.27954921384e-05
167316.1862398327; -2.26915525893e-05
167368.5794538452; -2.25827386354e-05
167420.9890742138; -2.26055089521e-05
167473.4151060755; -2.26026180277e-05
167525.8575545696; -2.26407921644e-05
167578.3164248367; -2.2840363823e-05
167630.7917220191; -2.27612299224e-05
167683.2834512606; -2.27891382057e-05
167735.7916177069; -2.29126234876e-05
167788.3162265047; -2.28107884646e-05
167840.8572828033; -2.29583243873e-05
167893.414791753; -2.29294942225e-05
167945.9887585055; -2.30972526213e-05
167998.5791882144; -2.31220009445e-05
168051.1860860351; -2.2953625962e-05
168103.8094571242; -2.32649139427e-05
168156.4493066399; -2.32902627822e-05
168209.1056397428; -2.32333973538e-05
168261.7784615944; -2.32089504491e-05
168314.4677773578; -2.3161240719e-05
168367.1735921979; -2.32274468418e-05
168419.8959112813; -2.34768238638e-05
168472.634739776; -2.3470706956e-05
168525.3900828519; -2.35828301531e-05
168578.1619456798; -2.35744507027e-05
168630.9503334336; -2.36954108898e-05
168683.7552512874; -2.36901815677e-05
168736.5767044175; -2.3759788059e-05
168789.4146980016; -2.37123106239e-05
168842.2692372194; -2.36583525417e-05
168895.1403272517; -2.38134687973e-05
168948.0279732814; -2.38315053298e-05
169000.9321804924; -2.4050008848e-05
169053.8529540715; -2.41121843074e-05
169106.7902992056; -2.38842203954e-05
169159.7442210842; -2.40249743234e-05
169212.714724898; -2.40425755131e-05
169265.7018158395; -2.41868091191e-05
169318.7054991028; -2.42756494554e-05
169371.7257798831; -2.43666348847e-05
169424.7626633786; -2.42565492515e-05
169477.8161547878; -2.45134904326e-05
169530.8862593113; -2.41559769972e-05
169583.9729821513; -2.44987637634e-05
169637.0763285118; -2.4287783802e-05
169690.196303598; -2.44102514179e-05
169743.3329126172; -2.44271648102e-05
169796.4861607778; -2.42556592389e-05
169849.6560532908; -2.45261511588e-05
169902.8425953678; -2.45351962453e-05
169956.0457922224; -2.45461002768e-05
170009.26564907; -2.43825132328e-05
170062.5021711274; -2.47100912197e-05
170115.7553636131; -2.45805790924e-05
170169.0252317473; -2.44771718042e-05
170222.3117807515; -2.48381107278e-05
170275.6150158498; -2.47749925363e-05
170328.9349422668; -2.50266684873e-05
170382.2715652294; -2.49129011558e-05
170435.6248899658; -2.50896472628e-05
170488.994921706; -2.51786619133e-05
170542.3816656816; -2.53553049374e-05
170595.7851271259; -2.54718612444e-05
170649.2053112735; -2.55608051948e-05
170702.6422233614; -2.5640592526e-05
170756.0958686277; -2.57039303286e-05
170809.566252312; -2.57850064693e-05
170863.0533796558; -2.58155958976e-05
170916.5572559023; -2.58060656717e-05
170970.0778862961; -2.57680363895e-05
171023.6152760833; -2.58074706377e-05
171077.1694305126; -2.59542975407e-05
171130.7403548333; -2.58274387815e-05
171184.3280542967; -2.5963613523e-05
171237.9325341558; -2.59036537504e-05
171291.5537996651; -2.59371169019e-05
171345.1918560809; -2.61324483125e-05
171398.8467086611; -2.60471071406e-05
171452.518362665; -2.60353558426e-05
171506.2068233542; -2.62880929318e-05
171559.9120959914; -2.6287843471e-05
171613.634185841; -2.64228161703e-05
171667.3730981691; -2.66723690123e-05
171721.1288382435; -2.64512653062e-05
171774.9014113337; -2.66011244805e-05
171828.6908227106; -2.68212549673e-05
171882.4970776468; -2.68673985085e-05
171936.3201814171; -2.65307288627e-05
171990.1601392974; -2.66701475504e-05
172044.0169565653; -2.67509998462e-05
172097.8906385001; -2.67078552015e-05
172151.7811903828; -2.70549323311e-05
172205.6886174961; -2.72092076266e-05
172259.6129251243; -2.72338201831e-05
172313.5541185528; -2.71229461674e-05
172367.5122030701; -2.73258800368e-05
172421.4871839651; -2.75408773932e-05
172475.4790665286; -2.70875975519e-05
172529.4878560533; -2.73747424201e-05
172583.5135578334; -2.74598899862e-05
172637.5561771646; -2.75391974925e-05
172691.6157193444; -2.77432154762e-05
172745.6921896724; -2.77515890984e-05
172799.7855934493; -2.78813508282e-05
172853.8959359777; -2.76805232741e-05
172908.0232225615; -2.79899612914e-05
172962.1674585068; -2.80030714968e-05
173016.328649121; -2.80586638109e-05
173070.5067997133; -2.84772940298e-05
173124.7019155941; -2.84590944674e-05
173178.9140020767; -2.85248003756e-05
173233.1430644749; -2.83557482601e-05
173287.3891081044; -2.84196490057e-05
173341.6521382828; -2.84391235779e-05
173395.9321603292; -2.84702205724e-05
173450.2291795644; -2.84680557272e-05
173504.543201311; -2.85165798275e-05
173558.8742308926; -2.84491715561e-05
173613.2222736359; -2.87818979436e-05
173667.5873348679; -2.91381470867e-05
173721.9694199178; -2.89501624208e-05
173776.3685341165; -2.8956532846e-05
173830.7846827964; -2.89560822153e-05
173885.2178712917; -2.9147127886e-05
173939.6681049382; -2.91878360989e-05
173994.135389073; -2.91306310943e-05
174048.6197290361; -2.92155335398e-05
174103.1211301679; -2.9175062405e-05
174157.639597811; -2.92307911235e-05
174212.1751373094; -2.94430739248e-05
174266.7277540092; -2.96504801246e-05
174321.2974532578; -2.94183923867e-05
174375.8842404041; -2.98748994337e-05
174430.4881207997; -2.97908387277e-05
174485.1090997967; -3.00828786563e-05
174539.7471827495; -3.02197334006e-05
174594.402375014; -3.02986488946e-05
174649.0746819476; -3.03181703226e-05
174703.7641089098; -3.03477766466e-05
174758.4706612614; -3.05066820413e-05
174813.1943443648; -3.04750501286e-05
174867.9351635849; -3.04251444814e-05
174922.6931242874; -3.04942552754e-05
174977.4682318399; -3.03515144834e-05
175032.2604916117; -3.07997007161e-05
175087.069908974; -3.08343156528e-05
175141.8964892994; -3.09223284213e-05
175196.7402379624; -3.108309331e-05
175251.6011603385; -3.07991230344e-05
175306.4792618064; -3.09175780738e-05
175361.374547745; -3.10376511359e-05
175416.2870235356; -3.07517046606e-05
175471.2166945609; -3.1099331943e-05
175526.1635662054; -3.11092939688e-05
175581.1276438553; -3.11679385188e-05
175636.1089328985; -3.11616945777e-05
175691.1074387242; -3.13495661697e-05
175746.1231667243; -3.14745517235e-05
175801.1561222914; -3.15189627862e-05
175856.2063108202; -3.14849408724e-05
175911.2737377069; -3.15066979519e-05
175966.3584083496; -3.16153364755e-05
176021.4603281479; -3.1807772905e-05
176076.5795025029; -3.22105761844e-05
176131.7159368183; -3.22980547789e-05
176186.8696364986; -3.2282287131e-05
176242.0406069502; -3.2301604342e-05
176297.2288535813; -3.24467848785e-05
176352.4343818017; -3.24898907452e-05
176407.657197023; -3.22458545251e-05
176462.8973046583; -3.26566040556e-05
176518.1547101223; -3.25671653821e-05
176573.4294188323; -3.26691606715e-05
176628.7214362063; -3.27383936803e-05
176684.0307676643; -3.24457948655e-05
176739.3574186279; -3.28745764644e-05
176794.7013945206; -3.27642093596e-05
176850.0627007676; -3.31095503614e-05
176905.4413427956; -3.30702442094e-05
176960.8373260327; -3.3285084311e-05
177016.25065591; -3.3211071353e-05
177071.6813378589; -3.3266364835e-05
177127.129377313; -3.32697320944e-05
177182.5947797078; -3.32890332203e-05
177238.0775504801; -3.29462225923e-05
177293.5776950687; -3.31935339191e-05
177349.095218914; -3.29634436563e-05
177404.6301274578; -3.33729406927e-05
177460.1824261446; -3.35041438457e-05
177515.7521204196; -3.3434676664e-05
177571.3392157301; -3.38289023522e-05
177626.9437175249; -3.41708994073e-05
177682.5656312547; -3.39138299528e-05
177738.2049623719; -3.37701582623e-05
177793.8617163302; -3.39070729892e-05
177849.5358985861; -3.38121478622e-05
177905.2275145966; -3.40128019523e-05
177960.936569821; -3.4253746769e-05
178016.6630697202; -3.39977905166e-05
178072.4070197568; -3.36736720128e-05
178128.168425395; -3.39200084552e-05
178183.947292101; -3.4112036309e-05
178239.7436253421; -3.31894232022e-05
178295.5574305884; -3.39711249666e-05
178351.3887133109; -3.44360423057e-05
178407.2374789823; -3.42434037142e-05
178463.1037330772; -3.41004209194e-05
178518.9874810721; -3.44004463198e-05
178574.8887284448; -3.4225058447e-05
178630.8074806751; -3.42793784617e-05
178686.7437432441; -3.41402649302e-05
178742.6975216357; -3.4146339216e-05
178798.6688213345; -3.46429311783e-05
178854.6576478269; -3.45328769712e-05
178910.6640066014; -3.44303382429e-05
178966.6879031481; -3.4527009719e-05
179022.7293429585; -3.4516913078e-05
179078.7883315263; -3.51544146644e-05
179134.8648743463; -3.29728126415e-05
179190.9589769161; -3.40611358126e-05
179247.0706447339; -3.44029714676e-05
179303.1998833002; -3.44892037681e-05
179359.3466981171; -3.41770629938e-05
179415.5110946883; -3.40327709818e-05
179471.6930785194; -3.41597528416e-05
179527.8926551172; -3.42934443132e-05
179584.1098299916; -3.37968803582e-05
179640.3446086527; -3.39601211651e-05
179696.5969966131; -3.39031018831e-05
179752.866999387; -3.39185566156e-05
179809.1546224901; -3.35906826842e-05
179865.4598714401; -3.38175226766e-05
179921.7827517563; -3.36982319384e-05
179978.1232689595; -3.37058346451e-05
180034.4814285733; -3.36341832205e-05
180090.8572361215; -3.3330813838e-05
180147.2506971308; -3.33835476458e-05
180203.6618171289; -3.31064456895e-05
180260.0906016455; -3.26815919546e-05
180316.5370562123; -3.30053001113e-05
180373.0011863622; -3.24902557246e-05
180429.4829976299; -3.29015529103e-05
180485.9824955528; -3.2535634391e-05
180542.4996856688; -3.09329317429e-05
180599.0345735181; -3.2878315736e-05
180655.5871646425; -3.10503866187e-05
180712.1574645857; -3.15216147548e-05
180768.7454788928; -3.1834360297e-05
180825.3512131111; -3.13046583645e-05
180881.9746727889; -3.16695263567e-05
180938.6158634775; -3.14500101683e-05
180995.2747907287; -3.1033329984e-05
181051.9514600967; -3.05905490706e-05
181108.6458771371; -3.05926452884e-05
181165.3580474074; -3.01735511171e-05
181222.0879764669; -3.01375986903e-05
181278.8356698761; -2.98799026256e-05
181335.6011331985; -3.00426947504e-05
181392.3843719983; -2.96415941176e-05
181449.1853918415; -2.88907540057e-05
181506.0041982961; -2.86826098755e-05
181562.8407969318; -2.83560727964e-05
181619.6951933201; -2.79728303074e-05
181676.567393034; -2.79777692829e-05
181733.4574016482; -2.76106466842e-05
181790.36522474; -2.77610004399e-05
181847.2908678876; -2.6981719713e-05
181904.2343366709; -2.70431358247e-05
181961.1956366719; -2.65235378848e-05
182018.1747734744; -2.6548974714e-05
182075.1717526636; -2.58062953804e-05
182132.1865798267; -2.62696557244e-05
182189.2192605523; -2.56997562101e-05
182246.2698004317; -2.52447305156e-05
182303.338205057; -2.4665135974e-05
182360.4244800223; -2.43762348894e-05
182417.5286309235; -2.47961904284e-05
182474.6506633582; -2.41668283801e-05
182531.790582926; -2.40491709526e-05
182588.9483952278; -2.32893821762e-05
182646.1241058663; -2.26755785809e-05
182703.3177204469; -2.2296625977e-05
182760.5292445756; -2.22031965339e-05
182817.7586838606; -2.15316491896e-05
182875.0060439118; -2.15117106474e-05
182932.2713303409; -2.10629983185e-05
182989.5545487614; -1.99711190298e-05
183046.8557047881; -1.97781035722e-05
183104.1748040387; -1.90004142958e-05
183161.5118521316; -1.85920121798e-05
183218.8668546873; -1.83199655147e-05
183276.2398173278; -1.76401855762e-05
183333.6307456774; -1.70584263311e-05
183391.0396453617; -1.58450873137e-05
183448.4665220084; -1.56945132028e-05
183505.9113812461; -1.49560641791e-05
183563.3742287069; -1.42349566275e-05
183620.8550700231; -1.4098590778e-05
183678.3539108293; -1.35696506556e-05
183735.8707567618; -1.32237613078e-05
183793.4056134588; -1.26197672133e-05
183850.9584865601; -1.22790107656e-05
183908.5293817073; -1.18095091381e-05
183966.1183045435; -1.25010063622e-05
184023.7252607147; -1.14679868768e-05
184081.3502558673; -1.07833750491e-05
184138.99329565; -1.00224828137e-05
184196.6543857135; -8.69332354207e-06
184254.3335317098; -9.14976105826e-06
184312.0307392931; -8.71491792825e-06
184369.746014119; -7.09509818468e-06
184427.4793618448; -6.12180764712e-06
184485.2307881306; -5.95708979241e-06
184543.0002986371; -5.05592694366e-06
184600.7878990272; -4.41148431857e-06
184658.5935949655; -3.52272869621e-06
184716.4173921184; -2.32942687511e-06
184774.2592961541; -2.06799476284e-06
184832.1193127422; -1.72107611048e-06
184889.9974475553; -1.24561413915e-06
184947.8937062664; -9.06114136069e-07
185005.8080945509; -4.5537480138e-09
185063.7406180858; 7.14719517853e-07
185121.6912825501; -6.35721525726e-08
185179.6600936242; 5.21753272158e-07
185237.6470569907; 2.3041374159e-06
185295.6521783333; 3.1047513232e-06
185353.6754633388; 3.47555887975e-06
185411.7169176945; 4.21036519554e-06
185469.77654709; 4.80267589307e-06
185527.8543572166; 5.51987910599e-06
185585.9503537674; 5.12226286333e-06
185644.0645424372; 5.19450550391e-06
185702.1969289228; 5.63550524072e-06
185760.3475189221; 6.3581633746e-06
185818.5163181362; 7.26306471552e-06
185876.7033322668; 7.67727744922e-06
185934.9085670175; 8.06368034116e-06
185993.132028094; 8.57223990002e-06
186051.3737212037; 9.22149048145e-06
186109.6336520557; 1.08347194623e-05
186167.911826361; 1.04572325332e-05
186226.2082498319; 1.09365467439e-05
186284.5229281838; 1.134974229e-05
186342.8558671324; 1.16764536302e-05
186401.2070723961; 1.18498391208e-05
186459.5765496946; 1.21648462313e-05
186517.9643047496; 1.25528528678e-05
186576.3703432846; 1.38149129039e-05
186634.7946710245; 1.38918845102e-05
186693.2372936971; 1.40466397192e-05
186751.6982170309; 1.50714097104e-05
186810.1774467566; 1.58398540057e-05
186868.6749886066; 1.60409441472e-05
186927.1908483151; 1.63644488309e-05
186985.7250316182; 1.68740972872e-05
187044.2775442536; 1.7551925951e-05
187102.8483919607; 1.7796616576e-05
187161.4375804817; 1.83975183812e-05
187220.0451155593; 1.90140549551e-05
187278.6710029386; 1.95211801059e-05
187337.3152483664; 2.03374248491e-05
187395.9778575914; 2.05118639491e-05
187454.6588363638; 2.05429836364e-05
187513.3581904361; 2.13253997528e-05
187572.0759255618; 2.16243791081e-05
187630.8120474975; 2.15066409007e-05
187689.5665620005; 2.20418049465e-05
187748.33947483; 2.2016873735e-05
187807.1307917476; 2.23513465603e-05
187865.9405185161; 2.24661517704e-05
187924.7686609003; 2.28250951497e-05
187983.6152246666; 2.33090620991e-05
188042.4802155842; 2.33714204999e-05
188101.3636394229; 2.36103968584e-05
188160.2655019548; 2.40860361023e-05
188219.1858089538; 2.41080479571e-05
188278.1245661956; 2.44324089774e-05
188337.0817794576; 2.47568202371e-05
188396.0574545192; 2.50733445196e-05
188455.0515971611; 2.51266370721e-05
188514.0642131669; 2.5558651758e-05
188573.095308321; 2.55684343321e-05
188632.14488841; 2.53146696213e-05
188691.2129592221; 2.61548273964e-05
188750.2995265477; 2.60728012605e-05
188809.4045961786; 2.64416106333e-05
188868.5281739086; 2.61275841646e-05
188927.670265533; 2.62274039445e-05
188986.8308768499; 2.60023591235e-05
189046.0100136583; 2.65779747822e-05
189105.2076817591; 2.65969242149e-05
189164.4238869552; 2.62441724115e-05
189223.6586350513; 2.63474829942e-05
189282.9119318539; 2.66011537277e-05
189342.1837831714; 2.69613777856e-05
189401.4741948135; 2.70181232134e-05
189460.7831725929; 2.6878724756e-05
189520.1107223231; 2.73916586645e-05
189579.4568498195; 2.7230478433e-05
189638.8215608997; 2.73827577415e-05
189698.2048613829; 2.73400922131e-05
189757.6067570901; 2.70940851432e-05
189817.0272538443; 2.73248776234e-05
189876.4663574698; 2.73812524385e-05
189935.9240737938; 2.74657723315e-05
189995.4004086444; 2.76306920294e-05
190054.8953678517; 2.72819273817e-05
190114.4089572478; 2.74375988921e-05
190173.9411826664; 2.75952478598e-05
190233.4920499433; 2.78784279462e-05
190293.0615649156; 2.74441508947e-05
190352.6497334233; 2.76714037851e-05
190412.2565613072; 2.75499339767e-05
190471.8820544103; 2.76319537175e-05
190531.5262185774; 2.77756886855e-05
190591.1890596552; 2.7918238281e-05
190650.870583492; 2.79731684842e-05
190710.5707959383; 2.79026135743e-05
190770.2897028456; 2.80206772392e-05
190830.0273100689; 2.79681628477e-05
190889.7836234634; 2.80177948711e-05
190949.5586488869; 2.79720704991e-05
191009.3523921988; 2.78415498291e-05
191069.1648592604; 2.79056883791e-05
191128.9960559348; 2.8089242185e-05
191188.8459880869; 2.76005304328e-05
191248.7146615833; 2.7874079974e-05
191308.6020822934; 2.76848765253e-05
191368.5082560871; 2.78785599751e-05
191428.4331888369; 2.77051241211e-05
191488.376886417; 2.76156399912e-05
191548.3393547032; 2.80943583446e-05
191608.3205995735; 2.81633460026e-05
191668.3206269071; 2.79120014613e-05
191728.3394425863; 2.7987436799e-05
191788.3770524942; 2.77596485121e-05
191848.4334625159; 2.77249934159e-05
191908.5086785384; 2.76596030095e-05
191968.6027064507; 2.76126097925e-05
192028.7155521435; 2.74933033412e-05
192088.8472215094; 2.75877582625e-05
192148.9977204424; 2.74207375461e-05
192209.1670548395; 2.71917226996e-05
192269.3552305985; 2.71700540173e-05
192329.5622536194; 2.73298309656e-05
192389.7881298039; 2.74875211381e-05
192450.0328650557; 2.75772951186e-05
192510.2964652804; 2.78772125823e-05
192570.5789363853; 2.81511392553e-05
192630.8802842791; 2.70118662342e-05
192691.2005148739; 2.75822497364e-05
192751.5396340819; 2.74996160869e-05
192811.8976478181; 2.7291462302e-05
192872.274561999; 2.70577414128e-05
192932.6703825431; 2.62459336411e-05
192993.0851153708; 2.67347389455e-05
193053.5187664041; 2.65396396351e-05
193113.9713415668; 2.67428747812e-05
193174.4428467854; 2.64673554178e-05
193234.9332879874; 2.65051133968e-05
193295.4426711023; 2.59893784138e-05
193355.9710020616; 2.71057048553e-05
193416.5182867986; 2.67929471784e-05
193477.0845312484; 2.6481281499e-05
193537.6697413481; 2.62822665301e-05
193598.2739230362; 2.63424008472e-05
193658.8970822542; 2.61434596429e-05
193719.5392249443; 2.61467432705e-05
193780.200357051; 2.59166197923e-05
193840.8804845205; 2.55035295434e-05
193901.5796133012; 2.55659868817e-05
193962.297749343; 2.50789337016e-05
194023.0348985975; 2.52890401607e-05
194083.7910670191; 2.50834172456e-05
194144.5662605633; 2.49203319752e-05
194205.3604851874; 2.50574025929e-05
194266.1737468509; 2.47791897904e-05
194327.006051515; 2.48813677732e-05
194387.8574051427; 2.46921989393e-05
194448.7278136991; 2.43855542375e-05
194509.6172831507; 2.45224921532e-05
194570.5258194669; 2.44593439351e-05
194631.4534286178; 2.40800263518e-05
194692.400116576; 2.40843222954e-05
194753.3658893157; 2.43791185507e-05
194814.3507528132; 2.41115802482e-05
194875.3547130465; 2.36336851046e-05
194936.3777759956; 2.3992346233e-05
194997.4199476417; 2.36493882172e-05
195058.4812339695; 2.36243985113e-05
195119.5616409641; 2.36295775055e-05
195180.6611746129; 2.34838681625e-05
195241.7798409051; 2.33862173731e-05
195302.9176458321; 2.30360102925e-05
195364.0745953867; 2.30678027196e-05
195425.2506955636; 2.27912512349e-05
195486.4459523604; 2.28643444725e-05
195547.6603717753; 2.26597016678e-05
195608.8939598089; 2.26601617228e-05
195670.1467224637; 2.24741327781e-05
195731.418665744; 2.26389540699e-05
195792.7097956558; 2.22429011642e-05
195854.0201182075; 2.22958191712e-05
195915.3496394084; 2.20482680913e-05
195976.6983652714; 2.17903990232e-05
196038.0663018095; 2.18579167547e-05
196099.4534550386; 2.17480328938e-05
196160.8598309761; 2.16749169634e-05
196222.2854356414; 2.16519797373e-05
196283.7302750556; 2.16572239222e-05
196345.1943552421; 2.15672956452e-05
196406.6776822254; 2.15238595202e-05
196468.1802620332; 2.13722985141e-05
196529.7021006939; 2.12188739042e-05
196591.2432042383; 2.11856536589e-05
196652.8035786989; 2.11026413896e-05
196714.3832301103; 2.08222231571e-05
196775.9821645086; 2.07698820879e-05
196837.6003879324; 2.07926079757e-05
196899.2379064211; 2.05773881559e-05
196960.8947260178; 2.05510233335e-05
197022.5708527659; 2.05331857567e-05
197084.2662927113; 2.037262117e-05
197145.9810519016; 2.03348945994e-05
197207.7151363865; 2.02627183896e-05
197269.4685522175; 1.99512613736e-05
197331.2413054475; 2.00601569222e-05
197393.0334021327; 1.99312236636e-05
197454.8448483299; 1.9976322063e-05
197516.6756500981; 1.97434001852e-05
197578.5258134984; 1.98158117724e-05
197640.3953445935; 1.9902752703e-05
197702.2842494483; 1.96732384391e-05
197764.1925341295; 1.96372635498e-05
197826.1202047052; 1.93636081978e-05
197888.0672672468; 1.93495344099e-05
197950.0337278261; 1.93494792281e-05
198012.0195925176; 1.92929952009e-05
198074.0248673972; 1.95238134915e-05
198136.0495585433; 1.93084829893e-05
198198.0936720357; 1.91431160619e-05
198260.1572139563; 1.9028313385e-05
198322.2401903885; 1.90314111836e-05
198384.3426074189; 1.90150855352e-05
198446.4644711346; 1.89546936616e-05
198508.6057876252; 1.879825345e-05
198570.7665629821; 1.88029778985e-05
198632.9468032985; 1.84615243531e-05
198695.1465146698; 1.862743146e-05
198757.3657031931; 1.85408103358e-05
198819.604374967; 1.85427945426e-05
198881.8625360933; 1.83214369292e-05
198944.1401926746; 1.82375204577e-05
199006.4373508154; 1.8130233791e-05
199068.7540166227; 1.81993393059e-05
199131.0901962049; 1.81253535757e-05
199193.4458956726; 1.80262180502e-05
199255.8211211379; 1.80192909354e-05
199318.2158787159; 1.78426107808e-05
199380.6301745223; 1.79457344009e-05
199443.0640146756; 1.79316933855e-05
199505.5174052956; 1.78378813545e-05
199567.9903525045; 1.77499644056e-05
199630.4828624262; 1.76380898367e-05
199692.9949411865; 1.77711215712e-05
199755.5265949127; 1.76332662912e-05
199818.0778297355; 1.76857159349e-05
199880.6486517859; 1.77158386827e-05
199943.2390671975; 1.73918409234e-05
200005.8490821057; 1.76995301645e-05
200068.478702648; 1.74651305126e-05
200131.1279349635; 1.75066421477e-05
200193.7967851936; 1.75573327406e-05
200256.4852594808; 1.75157590503e-05
200319.1933639712; 1.7274323089e-05
200381.9211048112; 1.7193951805e-05
200444.6684881498; 1.73501277108e-05
200507.4355201378; 1.72458415881e-05
200570.222206928; 1.72522195067e-05
200633.0285546751; 1.72389205317e-05
200695.8545695356; 1.70522879352e-05
200758.7002576677; 1.71173921934e-05
200821.5656252326; 1.72966368227e-05
200884.4506783925; 1.72076697898e-05
200947.3554233115; 1.72904000739e-05
201010.279866156; 1.7062793825e-05
201073.2240130941; 1.71857903714e-05
201136.187870296; 1.74035665349e-05
201199.1714439333; 1.70518742576e-05
201262.1747401808; 1.71733385921e-05
201325.1977652139; 1.71407781725e-05
201388.2405252107; 1.71719614916e-05
201451.3030263507; 1.70061790443e-05
201514.3852748159; 1.70000334739e-05
201577.4872767898; 1.68807750653e-05
201640.609038458; 1.69696972442e-05
201703.7505660076; 1.68820065319e-05
201766.9118656289; 1.69268958783e-05
201830.092943513; 1.70678716319e-05
201893.2938058531; 1.69986326531e-05
201956.5144588446; 1.69784630736e-05
202019.7549086846; 1.70168006831e-05
202083.0151615724; 1.71280971274e-05
202146.295223709; 1.68970277285e-05
202209.5951012971; 1.68632795271e-05
202272.9148005425; 1.69247510155e-05
202336.2543276516; 1.68112575203e-05
202399.6136888335; 1.67623717711e-05
202462.9928902989; 1.66357574947e-05
202526.3919382606; 1.65836395973e-05
202589.8108389332; 1.66515275695e-05
202653.2495985334; 1.65524664288e-05
202716.7082232795; 1.65430754595e-05
202780.1867193928; 1.64630204745e-05
202843.6850930954; 1.64454454142e-05
202907.2033506118; 1.64001529838e-05
202970.7414981682; 1.64585959564e-05
203034.2995419932; 1.62826269297e-05
203097.8774883169; 1.62014450312e-05
203161.4753433713; 1.59817152192e-05
203225.0931133913; 1.61055453918e-05
203288.7308046126; 1.59804316886e-05
203352.3884232735; 1.59530680311e-05
203416.0659756139; 1.58468512006e-05
203479.7634678758; 1.58553581981e-05
203543.4809063032; 1.5766695666e-05
203607.2182971421; 1.56893760688e-05
203670.9756466399; 1.5589578344e-05
203734.7529610472; 1.57275367068e-05
203798.5502466155; 1.54826696062e-05
203862.3675095985; 1.54362905105e-05
203926.2047562519; 1.54323505472e-05
203990.0619928333; 1.53512532371e-05
204053.9392256024; 1.5145154731e-05
204117.8364608207; 1.50201115507e-05
204181.7537047515; 1.4968831283e-05
204245.690963661; 1.49246181131e-05
204309.6482438163; 1.4759361071e-05
204373.6255514868; 1.47779672782e-05
204437.622892944; 1.45800239346e-05
204501.6402744611; 1.47235344021e-05
204565.6777023135; 1.472030213e-05
204629.7351827785; 1.45454501673e-05
204693.8127221349; 1.44471496675e-05
204757.9103266648; 1.43997825074e-05
204822.028002651; 1.44108385501e-05
204886.1657563785; 1.4435475128e-05
204950.3235941346; 1.43691912191e-05
205014.5015222083; 1.42286179296e-05
205078.6995468907; 1.42026351459e-05
205142.9176744744; 1.42415932894e-05
205207.1559112552; 1.40345487563e-05
205271.4142635296; 1.40126286115e-05
205335.6927375967; 1.38532555267e-05
205399.9913397574; 1.39170200095e-05
205464.3100763145; 1.37555026288e-05
205528.6489535729; 1.38240632876e-05
205593.0079778394; 1.39906868013e-05
205657.3871554224; 1.38979023388e-05
205721.7864926337; 1.38206593939e-05
205786.2059957854; 1.38441837615e-05
205850.6456711923; 1.36697665571e-05
205915.1055251712; 1.37322857912e-05
205979.5855640408; 1.36810761527e-05
206044.0857941218; 1.36055339058e-05
206108.6062217366; 1.35071445482e-05
206173.1468532098; 1.34078204834e-05
206237.7076948685; 1.34049908525e-05
206302.2887530411; 1.34149591316e-05
206366.8900340581; 1.35857993148e-05
206431.5115442521; 1.34421868805e-05
206496.1532899576; 1.32883449615e-05
206560.8152775112; 1.33242536502e-05
206625.4975132513; 1.32182627905e-05
206690.200003518; 1.3159460029e-05
206754.9227546547; 1.31491763722e-05
206819.6657730053; 1.30721156601e-05
206884.4290649164; 1.30595325782e-05
206949.2126367365; 1.30870483886e-05
207014.0164948158; 1.29166822729e-05
207078.8406455069; 1.29169831422e-05
207143.6850951637; 1.28282395292e-05
207208.5498501435; 1.29647010921e-05
207273.4349168042; 1.29212552593e-05
207338.3403015062; 1.29305140226e-05
207403.2660106119; 1.26652300961e-05
207468.2120504856; 1.29157889477e-05
207533.1784274937; 1.28537525323e-05
207598.1651480046; 1.27234006318e-05
207663.1722183882; 1.2624171749e-05
207728.1996450175; 1.26550560943e-05
207793.2474342667; 1.25105876954e-05
207858.3155925119; 1.24641889716e-05
207923.4041261316; 1.25320013545e-05
207988.513041506; 1.24930324758e-05
208053.6423450174; 1.23355126849e-05
208118.7920430503; 1.23311406383e-05
208183.9621419904; 1.22984146555e-05
208249.1526482269; 1.2303616803e-05
208314.3635681498; 1.23253667966e-05
208379.5949081514; 1.22047671955e-05
208444.8466746259; 1.21884823267e-05
208510.1188739697; 1.22072097744e-05
208575.4115125812; 1.19413616826e-05
208640.7245968601; 1.19979787485e-05
208706.0581332099; 1.21525276324e-05
208771.4121280342; 1.21354251517e-05
208836.7865877395; 1.19840973264e-05
208902.1815187342; 1.18301736532e-05
208967.5969274285; 1.19149493666e-05
209033.0328202349; 1.17951633385e-05
209098.4892035677; 1.18086681248e-05
209163.9660838429; 1.17402146941e-05
209229.4634674798; 1.16980698588e-05
209294.9813608982; 1.17609918758e-05
209360.5197705207; 1.17235563073e-05
209426.0787027715; 1.16685331719e-05
209491.6581640773; 1.15569217572e-05
209557.2581608664; 1.1524180894e-05
209622.8786995692; 1.17034501116e-05
209688.5197866179; 1.1553520751e-05
209754.1814284477; 1.13885439581e-05
209819.8636314948; 1.13403873704e-05
209885.5664021976; 1.15531361081e-05
209951.2897469967; 1.13983084453e-05
210017.0336723347; 1.12902987109e-05
210082.798184656; 1.13023421626e-05
210148.5832904074; 1.12889409196e-05
210214.388996037; 1.11912418041e-05
210280.2153079961; 1.10496591923e-05
210346.0622327372; 1.12001654906e-05
210411.9297767148; 1.12109789283e-05
210477.8179463856; 1.10661996866e-05
210543.7267482083; 1.11720641153e-05
210609.6561886437; 1.10306816461e-05
210675.6062741546; 1.09235450775e-05
210741.5770112051; 1.10161391583e-05
210807.5684062631; 1.08883542482e-05
210873.5804657969; 1.09474518205e-05
210939.6131962774; 1.10849894729e-05
211005.6666041774; 1.08243288431e-05
211071.7406959719; 1.10316924741e-05
211137.8354781377; 1.07528744255e-05
211203.9509571535; 1.08577535888e-05
211270.0871395011; 1.0833405533e-05
211336.2440316629; 1.07308024819e-05
211402.4216401243; 1.07967196399e-05
211468.619971372; 1.08089175652e-05
211534.8390318954; 1.08562928563e-05
211601.0788281855; 1.07202066715e-05
211667.3393667356; 1.06423374883e-05
211733.6206540403; 1.07051237208e-05
211799.9226965978; 1.048433107e-05
211866.245500907; 1.05071140705e-05
211932.5890734692; 1.05138398914e-05
211998.9534207876; 1.05790329542e-05
212065.3385493678; 1.05569969719e-05
212131.744465717; 1.04869849872e-05
212198.1711763449; 1.04560095343e-05
212264.6186877624; 1.04934291771e-05
212331.0870064839; 1.04801589179e-05
212397.5761390246; 1.03920491073e-05
212464.0860919021; 1.05831109518e-05
212530.6168716361; 1.04781183425e-05
212597.1684847482; 1.04498845486e-05
212663.7409377623; 1.04927647102e-05
212730.3342372036; 1.02604007266e-05
212796.9483896009; 1.03094439256e-05
212863.5834014835; 1.04588803701e-05
212930.2392793835; 1.02910329186e-05
212996.9160298347; 1.02818410466e-05
213063.6136593733; 1.02111090944e-05
213130.3321745372; 1.03130671294e-05
213197.0715818664; 1.01619168426e-05
213263.8318879029; 1.02868581978e-05
213330.6130991916; 1.01507280624e-05
213397.4152222783; 1.01736888493e-05
213464.2382637114; 1.00876570456e-05
213531.0822300411; 1.02449295193e-05
213597.9471278199; 1.01489286571e-05
213664.8329636023; 1.02498497702e-05
213731.7397439447; 1.01326233453e-05
213798.6674754052; 1.0102083005e-05
213865.6161645454; 1.00906511414e-05
213932.5858179275; 1.00702532527e-05
213999.5764421162; 1.00442626214e-05
214066.5880436783; 9.94817671013e-06
214133.6206291825; 9.88906687915e-06
214200.6742051999; 9.94482227626e-06
214267.7487783033; 9.87332516582e-06
214334.8443550673; 9.90787926963e-06
214401.9609420698; 1.00289836735e-05
214469.0985458896; 9.7920150471e-06
214536.2571731078; 9.87520455366e-06
214603.4368303077; 9.73625098742e-06
214670.6375240745; 9.85987318749e-06
214737.8592609957; 9.74251519432e-06
214805.1020476606; 9.68637233766e-06
214872.3658906604; 9.69597083663e-06
214939.6507965895; 9.67488887067e-06
215006.9567720429; 9.59188606108e-06
215074.2838236185; 9.53838658129e-06
215141.6319579161; 9.48901571045e-06
215209.0011815373; 9.55336099292e-06
215276.3915010861; 9.35827300229e-06
215343.802923168; 9.39155721594e-06
215411.235454392; 9.55462641894e-06
215478.6891013676; 9.33441297334e-06
215546.1638707071; 9.37746087707e-06
215613.6597690246; 9.33286795359e-06
215681.1768029365; 9.26273492326e-06
215748.7149790612; 9.25704469573e-06
215816.2743040191; 9.15518609424e-06
215883.8547844322; 9.26940965446e-06
215951.4564269262; 9.2198346375e-06
216019.0792381271; 9.24714396344e-06
216086.7232246638; 9.08807238567e-06
216154.3883931671; 9.10594326645e-06
216222.0747502698; 9.03167606471e-06
216289.7823026069; 9.05163132977e-06
216357.5110568156; 8.94524463139e-06
216425.2610195345; 9.05457913661e-06
216493.0321974056; 8.94929398402e-06
216560.8245970718; 8.88150959062e-06
216628.6382251786; 8.86988153489e-06
216696.4730883733; 8.93737404045e-06
216764.3291933055; 8.83373970079e-06
216832.2065466268; 8.85694043558e-06
216900.1051549904; 8.75098268497e-06
216968.0250250531; 8.77228644105e-06
217035.9661634722; 8.56734452081e-06
217103.9285769077; 8.67013037153e-06
217171.9122720216; 8.64324949734e-06
217239.9172554781; 8.57018331037e-06
217307.9435339434; 8.53353585856e-06
217375.9911140857; 8.48307352168e-06
217444.060002575; 8.46425877513e-06
217512.1502060847; 8.56022833515e-06
217580.2617312888; 8.42755702726e-06
217648.3945848641; 8.40303791671e-06
217716.5487734893; 8.37122556042e-06
217784.7243038452; 8.44133896268e-06
217852.9211826147; 8.35319584815e-06
217921.1394164829; 8.25411587653e-06
217989.3790121364; 8.30864287169e-06
218057.6399762653; 8.18584868217e-06
218125.9223155605; 8.20991815399e-06
218194.2260367154; 8.18328387073e-06
218262.5511464255; 8.10862217664e-06
218330.8976513883; 8.24426541902e-06
218399.2655583035; 8.14327869009e-06
218467.654873873; 8.17701590829e-06
218536.0656048002; 8.11038291031e-06
218604.4977577919; 8.03747070095e-06
218672.9513395558; 8.0250348119e-06
218741.426356802; 8.05505245741e-06
